0.63 6.222353292121881e-05 -4.581378595996668 0.3908842670351157 0.02798703219452155 13.582246987673553 0.10391872938236908 -6.454707770918894 -1.061809656886004 -19.020650785272977 9.231867526711108 3.775253602006422 -18.66771644419506 1.1028336283635354 -11.873860637915367 -8.541600421663286 5.770592981297925 3.6589551180084654 -15.196975402572187 -25.898048066774255 13.3581695923832 64.1609805553089
0.64 0.00020609481390535146 -1.077631662988909 0.6193228385439165 0.2966247141221922 4.232914656898648 -0.26584026426746327 -2.0612698178887965 -0.7072683832659047 -5.869312817584836 2.599760859207952 1.4078694916634757 -5.441397061400578 0.8657029041210463 -3.717970688059788 -2.3321748282306873 1.5619168439815023 2.1477652140464234 -4.445545555978294 -7.698597604635623 3.843262042732038 19.37129232021532
0.65 0.0003499660948894843 -0.45466985092401435 0.6599389301662855 0.34438815717968246 2.5706150896817217 -0.33158294977404856 -1.280122057863559 -0.6442313893022528 -3.5310214146735457 1.4205806083532642 0.9869515648179829 -3.0897740568870744 0.8235413586399207 -2.267863679959657 -1.2281467424333357 0.8136195031555141 1.879077543690557 -2.533954808248944 -4.4627581289956035 2.1515234091794477 11.407741904545572
0.66 0.0004938373758736171 -0.19468710154112454 0.6768893803618923 0.3643214356015478 1.8768820174239538 -0.35901956594986656 -0.954123034500483 -0.6179239484830784 -2.555174394818134 0.9284693461571908 0.8112884699597096 -2.1083633148723027 0.8059459389847698 -1.6626856424558163 -0.7673989861782132 0.5013300557831278 1.7669452140492576 -1.7361842087281485 -3.112334351573195 1.44550443230123 8.08428661111033
0.6699999999999999 0.0006377086568577484 -0.05201199973447552 0.6861915637300856 0.37526055573521305 1.496170462730585 -0.3740764188195531 -0.7752190727661051 -0.6034867721471199 -2.0196424288085892 0.6584051799743093 0.7148868817694713 -1.5697780515674773 0.7962898048889955 -1.3305719221533765 -0.514546698144017 0.3299497284238783 1.7054084713793531 -1.2983782320810233 -2.3712396043901665 1.0580505352921883 6.260418206509462
0.6799999999999999 0.0007815799378418809 0.0381365499752946 0.6920691017809323 0.3821723840967389 1.2556197704320122 -0.38359001602192344 -0.662179499053078 -0.5943647144642409 -1.6812692337124557 0.48776648687592866 0.6539760202735001 -1.2294756458416183 0.7901886248406587 -1.120727528528519 -0.3547832441955478 0.22166392547306593 1.6665267882033148 -1.0217527147395786 -1.902982593810869 0.8132397277127552 5.108016074292603
0.69 0.0009254512188260133 0.10025598899447735 0.6961191876415252 0.38693517730636035 1.089861429234383 -0.39014563253675766 -0.5842863446026985 -0.5880788994646056 -1.4481034964246995 0.3701830102214043 0.6120036473569467 -0.9949805307385322 0.7859844320591011 -0.9761282415154293 -0.24469366242193843 0.14704649286097737 1.6397342512762858 -0.8311359825684612 -1.5803166950511771 0.6445458321190091 4.313920393238473
0.7 0.0010693224998101463 0.1456597912113071 0.6990794413121797 0.39041635685826387 0.968706778478397 -0.3949372069673799 -0.5273533549532291 -0.5834845260201366 -1.2776800156800445 0.28423991411036964 0.581325564158454 -0.8235853926777185 0.7829115398928289 -0.870438983339588 -0.16422793903639954 0.09250776543942661 1.6201512822938025 -0.6918120520345247 -1.3444765316382967 0.5212455513750108 3.733506857425857
0.7999999999999999 0.002508035309651471 0.3131973212420911 0.710002614351247 0.4032617177144834 0.521652788540159 -0.4126178527694961 -0.31727375814790343 -0.5665315409981022 -0.6488267560597478 -0.03288537810368245 0.46812512643719906 -0.19114677106486905 0.7715727370073442 -0.48045144042400656 0.13268614943076837 -0.10873713558434661 1.547891205079859 -0.17771442020261813 -0.47423931512595674 0.06627430492960247 1.591812870607365
0.8999999999999999 0.003946748119492796 0.358589539088402 0.7129621127398841 0.4067420090748302 0.4005290493002983 -0.4174082046731302 -0.2603552944371136 -0.5619383397665688 -0.4784467573287036 -0.11880654660909305 0.4374548704748673 -0.019795362927264252 0.7685006288617857 -0.374789147908897 0.21313134271291906 -0.16326194794162516 1.5283132325152409 -0.03842603691262546 -0.23845932420310373 -0.0569945168601358 1.0115474220721237
1.0 0.005385460929334124 0.37972891538984993 0.7143403655124791 0.4083627976636175 0.3441211356905435 -0.41963909481932526 -0.23384808945857385 -0.5597992636458468 -0.3990999644575002 -0.15882045206411388 0.4231715833210068 0.06000382002229066 0.7670699331784948 -0.32558170512843604 0.25059505991201825 -0.18865441785990264 1.519195675610131 0.02644123964911604 -0.12865543734862508 -0.11440140583110907 0.7413149845902911
1.1 0.0068241737391754485 0.39195483413896326 0.7151374754259034 0.4093001777127463 0.3114977243483359 -0.42092932596316995 -0.21851769703296964 -0.5585621329719241 -0.35320989519469087 -0.18196241945008024 0.4149108709081533 0.10615552824085561 0.7662424930057486 -0.29712267262404085 0.2722621306895304 -0.2033401053481799 1.5139225536257013 0.0639571077339175 -0.06515056474139917 -0.14760257270519522 0.5850265597609658
1.2 0.00826288654901677 0.39992326107523707 0.7156570038340044 0.40991112929734985 0.29023492397914047 -0.42177025357046155 -0.20852588255631152 -0.5577558143967666 -0.3233003504377557 -0.19704554572147698 0.4095268270048541 0.13623560013324826 0.765703196393693 -0.27857406896963066 0.28638397085194844 -0.2129117236584832 1.5104857168430235 0.08840864057322437 -0.0237603062379406 -0.16924193395601247 0.4831632217334509
1.3 0.0097015993588581 0.40552830905028153 0.7160224437978887 0.41034087697145377 0.2752785195211157 -0.42236176800864383 -0.20149756944667274 -0.5571886441970434 -0.3022617647024449 -0.20765512362699537 0.40573965236937337 0.15739413586407602 0.7653238513350602 -0.2655268497148769 0.2963173732962801 -0.21964446780699765 1.5080682214950252 0.10560802204760265 0.00535389490448128 -0.1844632140066597 0.41151182791275825
1.4 0.011140312168699429 0.4096856320066092 0.7162934944575402 0.4106596253352388 0.26418519723836204 -0.4228005004804807 -0.19628459579059518 -0.5567679681025742 -0.2866572246814691 -0.21552435899838523 0.40293066516323256 0.17308764405663496 0.76504248712058 -0.2558495901507256 0.3036850822258244 -0.2246382148600684 1.506275139802987 0.11836498394274136 0.02694820369602488 -0.19575299729861145 0.3583672365176661
1.5 0.012579024978540758 0.41289197604332734 0.7165025428464558 0.41090546067836026 0.2556294491951257 -0.423138873818219 -0.1922640789408533 -0.5564435207836956 -0.27462219050981923 -0.2215935232590509 0.40076422789765553 0.18519129511694365 0.764825484380903 -0.2483859834448611 0.30936744316787346 -0.22848965273311655 1.5048922217927643 0.12820381752117763 0.04360285957630339 -0.20446026630663852 0.3173793591038783
