0.00038417090890200713 0.0008508218266789331 0.00042248320563923445 0.0005264954077194271 0.000536095808357076 0.0013702792543898298 -9.833716371114646e-05 -0.00038215653555582964 -0.0008269418398676316 0.0010695191088238487 -0.0003712786984437625 0.0009885346598993013 -0.0011576802841992075 -0.0006958211890862389 0.0006136199334603412 -0.0005365109482721696
-0.0025680043806603292 0.0036419895618673022 0.0003153576923336046 0.0010066259555569588 0.0006008485665855148 0.0018920784341619444 0.0001279779442845215 -0.00035163091019639473 -0.0013820823833865432 0.0013790042704055106 -0.0007584038003118365 0.001224029720298323 -0.001646281305630818 -0.0010046532789249052 0.000961498961756169 -0.0006891479772384536
-0.0007920502086889627 -2.0180440104408117e-05 0.0028960893069516856 -0.00010495371794883821 0.0001241908527216429 0.0005400747053334834 -6.1021082890289546e-05 -0.0003965357925214022 -0.000540102255745006 0.0010749529746142748 -4.2478616787424935e-05 0.0009611982108765128 -0.00040027317373125793 -0.0005859526089883621 0.00033515325662936623 -0.0003818958355138362
-0.00047969320737544684 -0.0004488800851598223 0.0007040865607826632 0.001567551807819796 0.00025846222897541013 0.0009833541657027819 -0.0003504399227744502 -0.0008620469487536407 -0.0008851439142629763 0.0013853854480858413 0.0002902648219442299 0.001975994403965145 -0.00023518612035356275 -0.0007383556525126547 -0.0004362352205820925 -2.1446406047894687e-05
-3.4246234391593954e-05 -0.00040436529587113137 0.0003987628739882138 -0.00020910550911256164 0.002025394191234826 0.0003970763306480506 -3.453800903904981e-05 -0.0002867661090540385 -0.0005734187964941872 0.0006641708320814406 2.3319932468669063e-05 0.0010183590417972622 -8.113431947566371e-05 -0.0005658099721787484 4.103904147063644e-05 -9.096592705842399e-05
-0.0019584564370964765 0.0010103843872799562 -7.965993210370533e-05 0.000584255315981493 0.0003223001425388842 0.003836106394001126 0.0006451271173253406 -0.0005825847809496152 -0.0010231608343930219 0.001279702331380073 -0.0007207991377752415 0.0012039334464739738 -0.0007025400787408663 -0.001040478259852329 0.0005721212925944906 -0.0006746590230208262
-0.0009736972728742868 -9.411534342094151e-05 0.0004991492576964893 -0.00028442386982751883 4.2495650477777144e-05 0.0008866467739372052 0.0025834496193160453 -0.0009244741929490363 -0.0008900713322471718 0.0016433798847964075 0.0002073282032961269 0.001495572414793699 -0.000235926165598841 -0.0009401997061001549 9.723120289767874e-05 -0.0005315065296388201
-0.0011953333443518797 0.0003444656178561251 0.00030745306568599637 0.00018406415604887316 -0.00014300704536876084 0.0016107423269979989 0.0006559771287803829 0.0018420050040792143 -0.0019163881589474834 0.0020089763816024727 -0.0008626312797135072 0.0022873930098352173 -0.0008460874345579141 -0.001613073351274521 0.0003820405628763006 -0.0005073865965001742
-0.0016675433237335212 0.0004328684734222648 0.00033957129155629017 3.094825590217204e-05 0.0003967965442175568 0.0017638393527827291 0.000456993652560914 -0.0009074100534522972 0.0010562024722463317 0.001683777964262877 -0.0005219427472240384 0.002017667830105216 -0.00044253160681021354 -0.0012858183461470633 0.0001884917472585207 -0.0007687981008776715
-0.0008941192801644356 6.178363502386067e-05 0.0002523232524500885 1.6693699105241617e-05 -4.281048227016104e-05 0.0013513862509528776 0.00037287078900706083 -0.0003874916952031856 -0.0012305338545665 0.0032805922757511213 -0.0004532239189089188 0.001793570534770066 -0.00032677495197416513 -0.000992059731337285 -2.7455798678239132e-05 -0.00029758771582560304
-0.002254590593037322 0.0008234043583242043 0.00019641654135819583 0.0005453366041893772 0.00043632304091792846 0.0018542917151269597 0.0006318706555986595 -0.0009886375307952009 -0.0017308898241849007 0.0019508465447476715 0.0019236827881929388 0.001899745834926578 -0.0011412694969840176 -0.0014089845832656982 0.0005819341152196964 -0.0005447266433478415
-0.001576417927333478 0.0004425671203623322 0.0007222145622351535 -0.00010760113906455729 0.0005380681748899958 0.0013603716016433657 -0.0002633399743981524 -0.000848047264426387 -0.0009425536808874248 0.001846121175510856 -6.163845000226444e-05 0.004125760726363779 -0.0009462513522322226 -0.000890823340795819 0.00012260044154738446 -0.0006840374189739353
-0.00098681214380544 5.2432932084190364e-05 0.00037249173169776013 4.899150041464403e-05 8.801925954590235e-05 0.0012579102815322633 0.00024560712476245027 -0.00047230334549073377 -0.0010262082493804137 0.0009292043963994601 -0.0005022672307973151 0.0015225079568023591 0.0020371541953943324 -0.0009598195389139294 0.00022303348506595765 -0.00029712817538690825
-0.00013298278302449097 -0.0005317714061914976 0.0006160980333099707 -0.0007783426220235275 -0.0001634144262601658 0.0005511371205972477 -0.00011168847044380276 -0.000782455218332813 -0.0005223656355789765 0.001260246723014817 0.00022167850301888935 0.0017355517890285544 0.0001678619635471006 0.0017467567803949049 -0.0004402751154864908 -0.0003798680147649019
-0.0018200863384181722 0.0007267377478152551 0.0005898250048871701 0.0003866405247621211 0.0006637853024272552 0.0014294684754588508 -2.3986786215997183e-05 -0.00048319652706285937 -0.0006158416214935014 0.0008827040064714304 -0.00038021667612148725 0.0008815929836082418 -0.0008030547748377182 -0.0008332262442686328 0.0028456220678174824 -0.000698594265541094
-0.0021177713625652466 0.0009329169836825553 0.0003716150795500721 0.0008097665088041502 0.0006675069398465201 0.001654472324921937 -6.488434005488526e-06 -0.000371202089439416 -0.0010194804270564771 0.0008351005613347266 -0.0003174278753376588 0.0008425804292777404 -0.0010700787080122802 -0.000788202540122376 0.00047260132087793805 0.0018074718996671096


0.0016

