6.302637980349778e-05 -0.00010155486158473808 -2.7965288902879156e-05 9.359684804389107e-05 9.929702380281198e-05 3.0161628013840026e-05 1.861271893528662e-05 -8.719388547918192e-05 -0.00010226301000744643 -3.628159374666444e-05 3.478887605539712e-05 -1.9885178519829226e-06 -7.370517140186216e-06 9.127079374467593e-05 -1.9495857554850616e-05 -5.00968249305359e-05
6.345913979054489e-05 -9.113274387430596e-05 -1.2711225544693085e-05 8.147873580464511e-05 7.18217063058852e-05 2.7406658838666703e-05 2.9622734624526177e-05 -8.12511456061654e-05 -0.00011869983739168371 -3.6044558618525754e-05 5.9886921744532415e-05 -6.71847651644452e-06 2.2657493984347795e-06 7.486169809731269e-05 -1.6995609908929102e-05 -5.874212589099609e-05
7.871169112542466e-05 -0.00012137310943859574 2.0050825330137518e-05 7.757535609464832e-05 5.1362819986524726e-05 3.094470911585508e-05 3.10208351992579e-05 -7.636318719875285e-05 -0.0001276749073017 -3.682185404237913e-05 7.58555585456719e-05 -1.0434920037208537e-05 9.902834938517428e-06 6.404390320755013e-05 -1.5664512869059373e-05 -6.377566259723734e-05
7.714473478444983e-06 -3.179722071785341e-05 -1.3839769544489012e-05 6.083488084369968e-05 4.202344673602511e-05 1.2557750280487337e-05 1.7353959612054093e-06 -3.135824378872007e-05 -2.9456235411806013e-05 -1.4622401592616824e-05 2.274266021804898e-06 9.861532703279789e-07 -2.9214622737848655e-06 3.423991160254663e-05 -8.22521120146218e-06 -1.232547461508603e-05
1.1070247347374015e-05 -9.090042871995124e-05 -4.648290418748769e-05 0.00012126131064448999 0.0001566004571886877 3.253830893805358e-05 -4.769600590194258e-07 -8.848610804023047e-05 -8.232815631511136e-05 -4.653393754902603e-05 5.151941967038962e-06 6.392117570255959e-06 -6.282003813163427e-06 0.00010384662365146022 -2.6608296464749492e-05 -3.6071671803885485e-05
-9.548438238845422e-05 3.41297270630523e-05 -6.425456880730367e-05 7.580664317819641e-05 0.000133404770941686 3.7443873195859444e-05 -4.688063833361873e-05 -3.0911103939823914e-05 5.511526266882778e-05 -1.75079095598873e-05 -0.00011270508841816634 2.9867936651656224e-05 -2.7903936052693402e-05 6.983685299503191e-05 -2.2976366946236947e-05 4.1716185057638055e-05
-1.6340680253774354e-05 -4.935767710944846e-05 -4.822046024476242e-05 0.00010108896888303446 0.00011992183826275732 2.693169919071341e-05 1.4487545895632103e-05 -6.862198321410688e-05 -4.2572820065749436e-05 -3.616508188360007e-05 -2.7165613706792025e-05 1.3638795814463275e-05 -1.3620396996674966e-05 8.555296152325782e-05 -2.2706198609025513e-05 -1.2157862478680772e-05
-2.9740209482548166e-05 -2.7953983062908036e-05 -4.7313600265554885e-05 8.083421054195015e-05 0.00010470863147206585 1.715435086949107e-05 -1.468295400181763e-05 -2.490031114922762e-05 -1.542960664960638e-05 -2.7056623991105294e-05 -3.275649206183973e-05 1.1857232521911752e-05 -1.0046751247294734e-05 6.78165266663079e-05 -1.8607847523930956e-05 -3.0594214118095947e-06
6.697144762668765e-06 -3.182639452258883e-05 -1.4435918751244428e-05 3.679203792239429e-05 4.86340216108118e-05 1.5278595323502072e-05 1.745330745104657e-06 -3.5132149805196204e-05 -8.996444958838323e-06 -1.2558844534305742e-05 -1.097451141243642e-06 3.571700976758864e-06 -1.0662295345790907e-05 4.1531082006367686e-05 -1.04011127357319e-05 -1.3800853373735602e-05
4.423412503851696e-06 -6.617719898839965e-05 -3.6241586349613354e-05 9.271450618185859e-05 0.00010973183988578967 3.10427096962947e-05 -6.4317766950495775e-06 -7.147367440874555e-05 -5.885706142259503e-05 -1.1176320777903334e-05 -1.0072925856120308e-05 7.077368542940496e-06 -7.407551846895165e-06 8.514742136629105e-05 -2.2110854387124085e-05 -2.244071322884749e-05
1.4043164238797734e-05 -7.456573513743087e-05 -2.9706732167712936e-05 8.622472474725587e-05 0.00010434737459468776 2.6717357064749873e-05 2.6354142019494904e-06 -7.13023812896993e-05 -6.954313487714367e-05 -3.381699721934214e-05 2.729886143868122e-05 5.454003991871814e-06 -8.671199034060377e-06 8.327553514114893e-05 -2.2979898530753675e-05 -2.922980833163546e-05
3.501500054468447e-06 -7.22261317272963e-05 -4.22596079797313e-05 9.823471998317819e-05 0.00012475237709879409 3.098680961837428e-05 -2.610120687759676e-07 -7.945877645583342e-05 -6.67795042440504e-05 -3.568723641780394e-05 -7.096484305843504e-06 3.045684058514277e-05 -1.2954242060377729e-05 9.652623774479087e-05 -2.6884390428861308e-05 -2.9245471995310073e-05
3.5863780770777504e-05 -0.00011572627203009986 -3.550424439239588e-05 0.0001237005831968124 0.0001271683115118479 3.878312470522523e-05 1.3016577184371477e-05 -0.00010057179164483116 -0.00011632330225922388 -4.8900887529470404e-05 2.4419671335257402e-05 5.1298684720996464e-06 1.772411162407873e-05 0.00010749776770425065 -2.811847963515665e-05 -4.85906700484521e-05
7.321060112248882e-05 -0.00012317538199272792 -8.566222037786332e-06 8.04062597974412e-05 6.935279993690617e-05 3.3416653871648896e-05 3.3891822313113806e-05 -8.66846464685785e-05 -0.00013167242343508728 -3.5295545872219585e-05 6.563154420067885e-05 -6.430553986869485e-06 1.0767908563653078e-06 0.00010077019014796695 -1.860622357494775e-05 -6.380630273725805e-05
-2.380943309715544e-05 -4.932714889903628e-05 -5.3863872877607606e-05 0.00010639507751711381 0.00013392489806634357 2.7936179392791378e-05 -1.4542424864448098e-05 -7.162878411488638e-05 -3.7035116033374986e-05 -3.554333543898219e-05 -3.6460713764645864e-05 1.2469676366217913e-05 -1.351412201678006e-05 9.39813770158223e-05 -2.203541557490145e-06 -1.0190330912702277e-05
1.8516251812470232e-05 -0.00010070637953678622 -3.921694639539235e-05 0.00012307453125055324 0.00013492081427945204 3.635674437466663e-05 4.7687667498893214e-06 -9.738642421153361e-05 -9.626145838999647e-05 -4.8055951176265735e-05 6.642935851940818e-06 7.14593847690229e-06 -7.7525934145324e-06 0.00010911216789846504 -2.8048920036749287e-05 -1.4284603735618235e-05


1.6e-05

