11.000000045951593 1.5941609032843473e-08 -5.989980733644984e-09 -7.4164140939636525e-09 -9.438997500277324e-09 -3.95057175861524e-09 -3.954395033645142e-09 6.726377899113345e-09 -1.442161390308172e-10 -1.7261425622194793e-10 2.002360929842517e-08
1.5941609254888078e-08 11.000000071071474 -4.2931160848525e-09 -3.6816021342644945e-09 -4.163975830806521e-10 -6.707251198889708e-09 -1.2786310676915491e-08 5.612248887842952e-09 -6.010751563145789e-09 -5.817354375992068e-09 -5.712189499185172e-09
-5.9899808446672864e-09 -4.2931160848525e-09 11.000000068130465 -2.9810086621395726e-09 -4.741707582134325e-09 -5.350537901627206e-09 1.0259244120902622e-08 1.3582401869882688e-10 3.2302005514850407e-10 -5.270388792055769e-09 1.912786556923507e-08
-7.416414316008257e-09 -3.6816019122198895e-09 -2.9810086621395726e-09 11.000000051009943 -1.2760749817930517e-09 6.248989103951885e-10 -2.71443678645511e-08 -6.410837416481741e-10 -2.4989540436948232e-09 2.041319097090266e-08 -7.876976820808679e-09
-9.438997278232719e-09 -4.163975275695009e-10 -4.741706666200329e-09 -1.2760749817930517e-09 11.000000058510576 -6.952124320669384e-09 1.5102092909557996e-09 1.5603964176325036e-08 -1.6562021060151366e-09 1.0811819772804654e-09 5.649874706969982e-09
-3.95057131452603e-09 -6.707250754800498e-09 -5.3505377906049034e-09 6.248991324397934e-10 -6.952124320669384e-09 11.000000054352347 -1.1254120080295138e-08 6.81949696712536e-09 9.289170543880232e-09 -4.895741367860751e-09 -1.3709292812080776e-08
-3.954395255689747e-09 -1.2786310676915491e-08 1.0259243232724202e-08 -2.7144368419662612e-08 1.5102092354446484e-09 -1.1254119858250533e-08 11.000000064645736 -1.1106159103491109e-08 4.845008394482875e-09 -1.3118313102467027e-09 -7.702925186592324e-09
6.726378010135647e-09 5.612248887842952e-09 1.3582401869882688e-10 -6.410836306258716e-10 1.5603964009791582e-08 6.81949741121457e-09 -1.1106159991669529e-08 11.000000052944547 1.9494360126159904e-08 -1.5759054061703637e-08 -2.9638735909998104e-10
-1.4421547289700243e-10 -6.010751563145789e-09 3.23020277193109e-10 -2.498954265739428e-09 -1.6562025639821343e-09 9.28916998876872e-09 4.845008505505177e-09 1.9494359349003787e-08 11.000000048058588 -1.2389096915033093e-08 7.937586810058406e-09
-1.72614034177343e-10 -5.817353709858253e-09 -5.270389236144979e-09 2.041319141499187e-08 1.0811821993250703e-09 -4.895741145816146e-09 -1.3118315322913077e-09 -1.5759053839659032e-08 -1.2389097137077698e-08 11.000000079601774 -3.2126701299262095e-09
2.002360929842517e-08 -5.712189943274382e-09 1.9127865347190465e-08 -7.87697662651965e-09 5.649874929014587e-09 -1.3709293311681137e-08 -7.70292540863693e-09 -2.963871370553761e-10 7.93758678230283e-09 -3.2126701299262095e-09 11.000000065722963


11.000000010000006

-0.3061891215892481 0.34469567203862367 -0.23579079078300538 0.22078467257555018 0.26389427587251446 -0.049646951422063455 -0.2629427327415317 0.6289610495316581 0.12834191874219059 -0.3334594270924612 0.13633457017958703