0.2040772603959377 -0.12453363011060115 -0.047548206085125305 0.13131857670458297 -0.1998181422236984 -0.13277865182384635 0.027844470425231846 0.09917758439267718 0.07591646340862251 0.3686997722172147 0.09160942913242569 -0.13253078648044248 -0.13675907314609315 -0.07575863173248402 0.14798178373591725 -0.07543252813047326
-0.05920837635636517 0.15061521848129805 -0.02790659803674458 0.04707662203121672 -0.13271888697159834 -0.09542829469103004 -0.012428092590217515 0.08432063177084562 0.051255205571167084 0.24282391411103701 0.06107899813650784 -0.008241649479327193 -0.050515088084063686 -0.0793344617492309 0.06955892582235783 -0.017323339433228085
-0.07140031783578413 -0.16763811336470424 0.19711594944951166 0.09471471774616692 -0.23894015457172035 -0.19076915356135646 0.03522543347494912 0.13228403763484076 0.09311464520886703 0.42072872773674586 0.08628102182406554 -0.07546164907462112 -0.10428473773265365 -0.09445957405401031 0.19518321697741617 -0.10047810744403061
0.037895883885495335 -0.09174963121862414 -0.07003819188171695 0.2995047883466711 -0.17515189318987517 -0.10436242944527482 -0.013304548804883246 0.1057402163772112 0.030353973098510907 0.3624980686305983 0.08744443812839434 -0.12239163265135543 -0.1480945120019764 -0.07409897310415502 0.16905678600041946 -0.05047038745468266
-0.009025140588800648 -0.1561348212580551 -0.014807511877354974 0.13362026054177317 0.019733310185888156 -0.15792865144849566 0.05232959613000711 0.14316445957210816 0.05482653240452291 0.4862459377191495 0.07513787596568713 -0.1750537454481919 -0.1664040135384192 -0.13993438203868375 0.17361915976237405 -0.103497366349991
0.058726277932506746 -0.08827973749788992 -0.03377774385817066 0.08928916165888702 -0.13175148269002795 0.14940925333312116 0.01998553386615264 0.09115896671012187 0.00027814726051429706 0.3431569040679736 0.07360356794327888 -0.18340743658852338 -0.14237713969227617 -0.09641415861371533 0.14764155005004811 -0.05317033702674624
0.022860155617961234 -0.037674868709804854 -0.02904292560116395 0.019226594659586455 -0.055967057847148505 -0.043452378735940315 0.19124233747738717 0.05492070286331329 -0.012154942340945125 0.21321028542398415 0.06690869565709194 -0.03597212112861953 -0.09001738156312897 -0.062394997336985045 0.054307562937456255 -0.010756974135103976
-0.05170427110165687 -0.17308208291338353 -0.03551748216682509 0.14694352413942252 -0.29095395215813225 -0.210165997154119 0.032582473378187427 0.4028356247512267 0.10493798599845366 0.5372939427483345 0.1000900911506673 -0.14370472155108027 -0.1837948650751663 -0.12326549801922976 0.23315947740674037 -0.1351338326120734
0.010081652067450056 -0.17347534466401998 -0.05461884682774703 0.18377525600017214 -0.26096172531535466 -0.18984255742511075 0.048479359000904235 0.14547795906955105 0.3096578386429057 0.6034883237778728 0.11070254172925681 -0.26095779594906016 -0.2255894780313519 -0.12408939838214325 0.22752527261479993 -0.13518663052824592
-0.035518168099194086 -0.0881915419576391 -0.013369336049376018 0.08014804636452151 -0.1431092986766989 -0.10989371754362623 0.023268238413499023 0.1002603775862991 0.04415158469990457 0.5232508366303187 0.05648039816562645 -0.08619517928402037 -0.07889448914596452 -0.10581861949235963 0.10285850038639252 -0.04166685602893712
0.01481489407607546 -0.10397919593054389 -0.061423579442736534 0.07425986723996535 -0.2119336959507645 -0.13711096621727453 -0.014420736867789316 0.08165903653882262 0.060472058887565544 0.4369298946274143 0.35991662769989263 -0.11684230229643418 -0.17543427548509885 -0.0682188391215876 0.1931519376469123 -0.09511666644360924
0.027535364044101524 -0.061214390709974184 -0.03613373286815648 0.0367432187816121 -0.08603386585838868 -0.06012078324408669 -0.009594019951498653 0.06948755983721316 -0.0255335331699399 0.21764616504520673 0.0729766746262192 0.17120488477263548 -0.10140883896955862 -0.04990837183615747 0.09994493425266726 -0.013517153986253399
-0.054490289716315865 -0.10996634440976352 -0.003219071332875931 0.11442335391457614 -0.21407414424391738 -0.1314724759884512 0.02696709949944362 0.12661645520279927 0.07990862139088795 0.3795558122061699 0.06752392477292736 -0.1253895421198288 0.12410111485691336 -0.13282490061724764 0.1391610204124754 -0.06844560964804407
-0.0873757111065255 -0.16121778754139632 -0.04882080028624503 0.10449498926441458 -0.27073601772084466 -0.212966188704475 0.02218987658199105 0.13529913630642504 0.13032734095924667 0.4363912466170926 0.09247850168579154 -0.0587383651963966 -0.11894974873539729 0.14577121877300014 0.20368443932020286 -0.1100557085362363
0.0186758991662613 -0.10673884918487238 0.008003363415174403 0.07479797650882962 -0.14064711748916459 -0.06382115214393544 0.0025687243617162556 0.1267527249856557 -0.019131509657041544 0.3237128095853675 0.06229187353502042 -0.11541120936416241 -0.13697567074752812 -0.11132675177454204 0.3626332504845711 -0.04024817412169289
0.009588160137271016 -0.08287572462614921 -0.041944147344334895 0.09054286339574893 -0.18801176438278563 -0.1165381811197771 -0.018651502204882604 0.12115373306441204 0.03088802244507318 0.4349044944281131 0.09228007949313202 -0.14118399375200028 -0.17623659683277906 -0.09614702360279112 0.17855366391993782 0.14893048571872095


0.16

