0.00020764674350209395 -8.902624272112605e-06 -1.3669750855868645e-05 4.511518902491638e-06 -9.936992088515772e-05 9.50956889702397e-05 -5.337251312287247e-05 -3.0424652768048662e-05 -6.348036402297776e-06 -6.357610248726848e-05 0.00010541750043491834 7.323676077126778e-05 -5.8563296213330016e-05 1.5101751798169728e-05 -1.8754898701081602e-07 5.7724948876281196e-05
4.5700938861532544e-05 0.0002452714296847148 4.6908328297555555e-05 4.073833160198473e-05 -4.669304929339691e-05 -1.7295781256264288e-06 -1.533354218129164e-05 -3.351565578141545e-05 -7.136880718130919e-06 -5.13084869177364e-05 6.41035785190491e-05 2.589111997559985e-05 -6.996361315928239e-05 -3.7614740764474984e-06 -4.296785706289915e-05 1.979436633878493e-05
0.0005009853297404101 0.0002511894080990255 0.0006280491154582967 9.939699322428946e-06 3.775884510101541e-05 -0.0004087880135662682 0.00022432593046469422 1.1867581863225787e-05 -9.883312546481469e-05 -0.0002749282952887941 -0.0003810076519393512 0.00012647262851202222 0.00013599083477146658 -0.00030131117360041764 -0.00022546658240820075 -8.810396063232113e-05
0.00026522396260762456 0.00017129164817840462 0.00019840361551390709 0.0002808631343084292 -3.160708024235746e-05 -0.00016218264479836647 9.580641950663438e-05 -3.6286765043142577e-07 -5.020098278258451e-05 -0.00023572700518596345 -0.00016887573871243028 0.00011245325048953888 5.15557290593416e-05 -0.00021028899443935323 -0.00010310240593396032 -2.687294133856257e-05
2.8788388188230986e-07 -1.681566501182479e-05 2.2186768751511878e-05 -3.501087638016146e-05 0.00016098833528554215 5.0013670404639636e-05 -4.4032903697906385e-05 -4.938206757839439e-05 -1.2303197909347297e-05 1.372753686134493e-05 0.0001247035297238357 2.2154575067103127e-05 -9.03301697469765e-05 7.428483401945163e-05 -3.6327980869370447e-05 2.5763105915433125e-05
-0.0001432872150494936 -7.173356000974272e-05 -7.337787195028196e-05 -1.6844861279790343e-05 -0.00012978810764784204 0.0004515755965463434 -9.877274524516604e-05 -4.495339205332268e-05 -1.6640852243760863e-05 2.5172168075971932e-05 0.00021625470287105339 4.79477684540131e-05 -0.00010792744515504213 9.355295988247494e-05 3.585967506868212e-05 7.04667870508872e-05
-0.00019788856794042414 -0.00016985302319976603 -0.00017220231564252833 -4.2030269638755086e-05 -0.00011176135314582408 0.0002502166189773149 0.00010271926151790552 -0.00010257319917232607 2.1502496222954056e-05 0.00016947076278206588 0.00035490700550618476 -3.667810649119239e-05 -0.0002715639030448398 0.000331091295568268 3.1540124023527694e-06 8.793739297624636e-05
-0.00017886407841029251 -0.00010667913697211365 -0.00012020355148327266 -2.8334564718147682e-05 -0.00014675396295669229 0.00025016538242326477 -0.0001692793065239876 0.0001354492094504294 4.988861266259917e-05 8.44993809500234e-05 0.00031410170767077106 1.863258614421512e-05 -9.600279955153263e-05 0.0001500827444254514 5.683273152718018e-05 4.614464886248155e-05
0.0002817648958658536 0.00011700628861390422 0.00020734477094925334 9.874619287734003e-06 1.1907250970428372e-07 -0.0002500291892912576 0.00011525821342271701 9.705563801512236e-06 0.00019636989461910745 -0.0001450740980185375 -0.00019054471743606695 7.221173874308597e-05 3.939303161474634e-05 -0.0001286783683853632 -0.0001403828202853764 -1.821866402556863e-05
-0.00019714638833792718 -6.896460771440259e-05 -9.434248756409069e-05 -4.131981999582244e-05 -0.00011011660838965387 0.00020694508861630157 -0.0001205694098414442 -2.269168363626059e-05 5.369477218022131e-05 0.0002957095180736275 0.00022683046566213263 -1.0798044485273444e-06 -0.00010548768736192435 0.0001444325241886916 5.471352422593549e-05 3.202853952257207e-05
-9.554601537663067e-05 -8.749796759767163e-05 -8.342664846625449e-05 -3.153128680152923e-05 -7.611233850970642e-05 0.00013056196810685292 -0.00011518171480505085 -8.185861506112233e-05 3.524655909239777e-05 0.00010709261212498984 0.0004888462305990971 -2.211897167641982e-05 -0.00016415159456636394 0.00020321135374041038 -1.2524079943817917e-05 3.3672510136271366e-05
0.0006572249233178112 0.0002853533652313876 0.0004974060957856293 4.061851990498054e-05 6.150190548911868e-05 -0.0005585411710835634 0.000304784200440529 -2.1633916027402875e-06 -9.218686997542215e-05 -0.00034703756843628786 -0.0004872152717575255 0.00034949833901172197 0.00017659755933590958 -0.00036433587930703335 -0.00028430396530117826 -0.0001153639636732821
0.00010005383301510721 5.958163251971755e-06 6.114584938754101e-05 1.3914327770760907e-05 -4.7739539067285566e-05 -1.899681831390624e-05 9.452984636396794e-06 -4.789440651914695e-05 -3.8104862956729146e-05 -4.901553377871179e-05 4.5144554772614566e-05 3.674271226260234e-05 0.00014234362897844126 2.0204303851031424e-05 -7.997075689078573e-05 3.5683561974606705e-05
0.0005742131325578225 0.00023125155623199978 0.0003996840880857606 7.919467719941567e-05 2.5808765973903575e-05 -0.0004215257993482435 0.00025461747514355715 -2.74745921888078e-05 -0.00013655421476920797 -0.0003407692312555289 -0.0003695342067226414 0.00014583765566520893 9.237054839780897e-05 -9.152830562500502e-05 -0.000256208045473851 -3.542884071238998e-05
0.0003543412601455987 0.00017535789715009348 0.00021985116774182962 3.8892912557031066e-05 3.308006174402125e-05 -0.0002649200832569216 0.00015712196646670314 1.1954952137910556e-05 -8.138983587911177e-05 -0.00023378985917106327 -0.00026175403779003494 0.00010919628490273472 2.4920932217377916e-05 -0.00018684683756378575 7.539035156949202e-05 -1.3656878096884341e-05
0.000730508873591895 0.00037420183174916054 0.0005677868418668472 4.645536746236427e-05 0.00013141629300922173 -0.0007098532280577568 0.00036958888848916555 7.106243948262184e-05 -7.86915322617605e-05 -0.00041704237744745687 -0.0006998436534360133 0.00013170952021462857 0.0002840900618039722 -0.0004941100199106051 -0.00028892017314998184 9.080751701976221e-05


0.00016

