11.567980490812527 -0.0022445099375144537 -0.1792224966160659 -0.058925611336615 -0.11528863976726084 -0.025979852372600587 -0.09039954766343261 0.018023306614476195 0.11961490876833752 -0.06216593882130039 -0.12009211435711559
-0.002244509937514433 11.833961631073587 -0.01037900510652788 0.05945183799350337 -0.1588269789731795 0.12455995153529317 0.05611267684907123 0.12257208757711709 -0.12286269273954412 0.013891654391782943 -0.05911348477182181
-0.17922249661606593 -0.010379005106528241 11.598036078583615 -0.0027717952149359792 0.02799202793532307 -0.048159613298205284 -0.11309981011912107 0.043654710172677066 0.16669109373140906 -0.05823237282428895 0.007979629699427504
-0.058925611336615336 0.05945183799350348 -0.0027717952149359792 11.36613136200995 0.006400257903788509 0.002653166636173765 -0.05500693657053102 -0.03256128196514729 0.07039635546406098 0.07911222491630476 -0.03449886199217422
-0.11528863976726089 -0.1588269789731795 0.027992027935322905 0.006400257903788065 11.62081866451356 -0.1029098242885389 0.08839315063664532 0.14786610404153477 -0.0028052793184953906 -0.1086751675251697 0.13399502056207835
-0.02597985237260103 0.12455995153529326 -0.048159613298205284 0.002653166636173765 -0.1029098242885389 11.669959374452366 -0.12155441089315344 0.007201486637592791 -0.1389335326210155 -0.1357872193963714 0.1002675378933473
-0.09039954766343272 0.05611267684907084 -0.11309981011912107 -0.05500693657053102 0.08839315063664555 -0.12155441089315389 11.500170447168326 -0.10025741957172044 -0.1757558476711698 0.04941077502892921 -0.006935894416443267
0.018023306614476195 0.12257208757711731 0.043654710172677344 -0.03256128196514774 0.14786610404153427 0.007201486637593457 -0.10025741957172046 11.4753817813266 -0.15122211613261113 0.06495586913040122 -0.1284579001053036
0.11961490876833725 -0.12286269273954412 0.16669109373140906 0.07039635546406164 -0.0028052793184953906 -0.1389335326210155 -0.17575584767116803 -0.1512221161326109 11.622501327557535 0.036667759379285125 -0.038067102232618666
-0.06216593882130017 0.01389165439178304 -0.05823237282428878 0.07911222491630432 -0.10867516752516915 -0.13578721939637028 0.04941077502892899 0.0649558691304016 0.036667759379285014 11.740351984401327 -0.09584477233415689
-0.12009211435711514 -0.059113484771821864 0.007979629699427226 -0.03449886199217411 0.13399502056207824 0.10026753789334686 -0.006935894416443711 -0.1284579001053038 -0.038067102232618555 -0.09584477233415695 11.60470685810063


11.100000000000009

-0.13300914132258676 -0.04385773971847505 0.2930984657133742 -0.5542393134351808 -0.32836329987827395 -0.46328003065167905 -0.11887100667057014 0.2476124742676623 -0.3485809468245242 -0.2558816387596287 0.049193019220047804