11.005254710224296 -0.0002970712885839166 -0.00010243360677597568 0.00025414666161530097 0.0006232866418261485 -0.00031667091269549363 0.0015015607700176181 0.00022322019766840562 0.0003464763812703886 0.0020513897425412236 -0.001233791528734457
-0.00029707128858388887 11.006096389805087 0.0008660708518424265 -3.7253495919098434e-05 -0.0021284021742659087 0.00013189377861055895 0.0013512381907014037 0.00019678588668581298 0.0011394412490051131 -0.00030282338578097034 -0.00041987004324117727
-0.0001024336067765308 0.0008660708518424265 11.007163275906848 0.0008648315372461468 0.0004474403395222648 0.00011330528879560653 0.0017458364494427059 -0.00038481032133352855 9.999911707536668e-05 -0.000962176781930224 -0.0001984968937271958
0.000254146661615412 -3.725349591954252e-05 0.0008648315372460358 11.005304795103998 0.0011276510267748119 -0.001059715462259081 -0.0005610668678374953 -0.0005077865812574966 -0.0019527503472034358 -0.0006955680420134835 0.002089819904579737
0.0006232866418261485 -0.002128402174266353 0.00044744033952237583 0.0011276510267745898 11.00651190727499 0.0009125810382566435 -0.0003068309305647998 -0.0005915429227660862 0.00037728964333694215 5.425013698961978e-05 0.0004968828993527907
-0.00031667091269549363 0.00013189377861055895 0.00011330528879582857 -0.001059715462259081 0.0009125810382573096 11.00479119250018 0.0003720420474602193 -0.0008249869386833808 0.0006223562196816523 0.0014123500937634481 -0.00010447786479195198
0.0015015607700178402 0.0013512381907009319 0.0017458364494425949 -0.0005610668678374953 -0.0003068309305654937 0.0003720420474602193 11.007157189201358 0.002122471033361828 0.0005735414824600826 -0.0003276082210956627 0.0011750567761479591
0.00022322019766862766 0.00019678588668470276 -0.00038481032133397264 -0.0005077865812572746 -0.0005915429227665303 -0.0008249869386829367 0.00212247103336205 11.006444595431494 -0.0009650421335334336 -0.0007312336496412275 -0.00018212504870884771
0.00034647638127066616 0.0011394412490054462 9.999911707581077e-05 -0.0019527503472035468 0.000377289643336276 0.0006223562196809862 0.0005735414824601381 -0.0009650421335334336 11.004092088960148 -0.0006936308794633916 -0.0005065707633349348
0.002051389742541432 -0.0003028233857808871 -0.0009621767819310012 -0.0006955680420142607 5.425013698900916e-05 0.0014123500937633926 -0.00032760822109524634 -0.0007312336496417826 -0.0006936308794635027 11.008093629430858 -5.621507920661184e-05
-0.0012337915287338186 -0.00041987004324051114 -0.00019849689372730683 0.002089819904579515 0.0004968828993527907 -0.00010447786479195198 0.0011750567761479314 -0.0001821250487092918 -0.0005065707633347127 -5.6215079207083685e-05 11.005090226160759


11.000999999999998

0.3773588183674619 0.3410301434649598 -0.044258993144046486 -0.35306039977092735 0.2586095228088785 0.33341329402857856 0.059889866485125655 0.4806192870765124 0.4291035942272253 0.10436707474765114 -0.08390991049294798