2.2890040514912905e-07 2.0447512371765044e-07 6.488838704190486e-09 1.0197917966547991e-07 6.924824649267591e-08 -4.6724144462092917e-08 -9.663712932142628e-08 -1.0988406612308271e-07 -1.2318166761566458e-07 7.048336858316095e-08 -4.469053143786527e-08 9.329313953114355e-08 -1.0365488672203375e-07 -4.158600345907507e-08 3.8768762241398995e-08 -2.656949945882032e-09
-2.6659622050083867e-08 4.065151304482888e-07 -5.177212980051039e-08 2.168720290113193e-09 6.43621848431771e-08 -4.685393508613622e-09 -6.521594977013439e-08 -5.048602048961732e-08 -9.874114186923722e-08 4.4234173552678294e-08 5.996717849126e-08 6.525122011019353e-08 -1.1854168242512379e-07 2.5600756502163463e-08 6.88847119930113e-08 -7.054713327714705e-08
2.5638953394643937e-08 3.2208394309620494e-07 1.8031432698522026e-07 5.0990909061306786e-08 9.042523170817269e-08 9.639522105340612e-10 -1.7484637369308358e-07 -1.8755751349203913e-07 -1.1451676887754892e-07 1.6692898783118118e-07 9.736466867278333e-08 3.74707093781947e-08 -2.526667466374087e-07 7.909287423477797e-08 1.2300730608973807e-08 -1.1002489085701158e-07
6.194163108118377e-09 1.0615516502868686e-07 -1.2649614905923983e-08 2.2453674501067068e-07 6.473677606013886e-08 9.802280418529781e-09 -7.488721941824667e-08 -5.5873596730819754e-08 -6.415948181941886e-08 6.814662704629568e-08 5.32699730764514e-08 -2.3212029643738623e-08 -1.0507263581935329e-07 4.7057702935300624e-08 -3.8674454087648824e-10 -2.401913332060987e-08
9.741711873822475e-10 1.8148461171147113e-07 -4.738899960135563e-08 9.768188647705351e-09 3.037349187887503e-07 -9.544366739959905e-10 -8.821721028136309e-08 -1.1305707838446799e-07 -5.425854754105464e-08 7.000904392153283e-08 4.124646219657337e-08 1.2722589697316217e-08 -1.211116521517257e-07 5.5579258232589186e-08 1.7882523872891234e-08 -3.097056193444553e-08
2.5867731954747653e-08 3.1161695649994235e-07 3.922723377796718e-09 8.733326200526008e-08 1.070994293262431e-07 1.8020252665308097e-07 -1.7110419428560163e-07 -1.8303689143290128e-07 -1.2456037344436148e-07 1.8954800861380632e-07 6.375125480504523e-08 4.635075823542956e-08 -2.3276940046097553e-07 3.18931817300607e-08 -2.647942481973443e-08 -8.844883253833837e-08
3.903753580805832e-08 1.2955202672111137e-07 -6.764393655364734e-08 -9.427555238062787e-08 8.822719358123837e-08 8.865275728762612e-08 1.4733108700278722e-07 -1.0538650021153986e-07 -1.8702105846081095e-08 1.3703054194874507e-07 1.584180260706184e-07 -9.092768044849836e-08 -1.8897712866282832e-07 1.4337556542956017e-07 -7.598131758610951e-08 -9.51953978080512e-08
-6.404620474858073e-09 1.5731312573454494e-07 -5.7798034615773984e-08 3.2097170774395168e-09 6.9879550356727e-08 2.439679725037416e-08 -5.512139993502806e-08 1.709562628090019e-07 -9.406525870982862e-08 4.836449056226804e-08 5.186186986726561e-08 2.0757022642601068e-08 -1.2295925903401525e-07 5.2927683290938146e-08 5.450432692015086e-08 -7.540309772930036e-08
-9.783878300311392e-09 1.8751225001845783e-07 -9.915008182728e-08 -3.355742237950971e-08 6.491457400620679e-08 4.089181327886864e-08 -7.347661936451699e-08 -1.0267517513511041e-07 1.627120404083698e-07 6.127295869760398e-08 9.139962293806389e-08 2.9929342148178997e-09 -1.469025381872644e-07 9.72420976610784e-08 8.093220108859903e-08 -8.730175339734504e-08
4.6881514852055945e-08 1.7938425451689202e-07 -8.220324490786254e-08 -4.4947850081178405e-08 9.057384884381046e-08 9.291628593506336e-08 -1.0805754004808323e-07 -1.5969092872714054e-07 -4.389275594353946e-08 4.015632409700782e-07 1.303374993346845e-07 -6.547698585630839e-08 -1.9248529233836853e-07 1.4509981211582493e-07 -5.2475932906693466e-08 -1.2192558934194447e-07
1.4462055013540161e-08 1.350847640730887e-07 1.2193940857301455e-08 3.6115436348614657e-08 7.245766406008886e-08 -1.6152338550685897e-08 -9.346943930798119e-08 -1.396846264569437e-07 -3.3760972218279297e-08 1.0497191078341183e-07 2.592287776465559e-07 -1.9353749981104213e-08 -1.1555867815786598e-07 4.19835318614379e-08 -7.036029398528689e-08 1.0418544983661793e-08
4.531406557083795e-08 2.573057771385198e-07 -3.820970973780004e-08 1.1805027155787502e-09 1.0527857403088067e-07 4.0033111232386603e-08 -1.5957320455442057e-07 -2.0657353901793185e-07 -5.584376422902433e-08 1.9866349833287748e-07 1.2221711894157698e-07 1.8960581967472889e-07 -2.2580273987004192e-07 1.1962960261727715e-07 -8.4153531554192e-08 -1.00124714924741e-07
-6.523145659879388e-09 1.8721324222726881e-07 -6.7807100843827025e-09 7.596513203107635e-08 6.647114229414651e-08 -4.966375893694288e-08 -1.0964353621625747e-07 -1.12563465406103e-07 -9.676949638430434e-08 8.472174587449141e-08 -4.532941210775946e-09 7.703324896149534e-08 1.4413707922117175e-07 -1.8704763732494447e-08 1.5849651932621396e-08 -1.9987852324049076e-09
-9.473687505373796e-09 2.1427979104741073e-07 -3.134967990641182e-08 -2.523138877821332e-08 8.329710295274121e-08 3.200064808401745e-08 -1.3625872971780865e-07 -1.029030945600241e-07 -7.359078611249078e-08 1.219893257488807e-07 1.3648108660568783e-07 -2.954304931409412e-09 -1.906051247501709e-07 3.343528498822399e-07 -6.535248550657811e-09 -1.0667048956682515e-07
5.552214716460811e-09 2.0784752611266353e-07 -4.2051180390374114e-08 2.0494531730896172e-08 5.182562037278456e-08 1.15714836519724e-08 -1.1188992815646216e-07 -1.2579799548334843e-07 -5.5022911366758586e-08 9.344628824611602e-08 6.122242055056725e-08 1.4249108796227354e-08 -1.575862225518782e-07 6.861615279191267e-08 2.6457553890850686e-07 -7.402216168684397e-08
1.0186380358954633e-08 1.3563846909735447e-07 -2.209621996501693e-08 -2.178035539356882e-08 8.864287421846646e-08 2.7553225888256808e-08 -7.858628771097499e-08 -1.1113661241579957e-07 -3.350122570010909e-08 1.1372863050210025e-07 9.877088965741958e-08 -3.9473076115833565e-08 -1.4329961554986282e-07 8.869147585121009e-08 -6.162725742791877e-08 1.6133325044141959e-07


1.6e-07

