11.00000000635166 -2.5116575486094916e-10 -4.679452381139981e-10 -2.0432389113977933e-09 4.451019552931257e-10 -1.9057698752433794e-09 1.965803075876238e-10 -2.4491297878626028e-11 3.946827309420087e-10 1.7238834248978208e-09 8.268912221609526e-10
-2.5116575486094916e-10 11.00000000706388 9.931211408797935e-11 1.0270899686304347e-09 -7.268141644090065e-11 -9.844730586294759e-10 -2.0162649327915005e-10 1.4718394281132419e-09 -6.068805458170345e-10 7.546877012210018e-10 6.59836851824025e-10
-4.679452381139981e-10 9.931211408797935e-11 11.000000006117016 1.315680897562288e-10 -6.138132224720039e-10 9.27853627263886e-10 2.2108759267780442e-11 -1.3613833949044363e-09 3.170663731566492e-10 5.483352105706274e-10 1.1333556315662463e-09
-2.0432384673085835e-09 1.0270901906750396e-09 1.3156831180083373e-10 11.00000000627653 4.60745441799304e-10 1.1558969337244207e-09 4.119327101648196e-10 -1.3163004020100288e-10 -2.4970914225264096e-10 1.3487577721349453e-09 3.5291392030956104e-10
4.451021773377306e-10 -7.268141644090065e-11 -6.138130004273989e-10 4.6074521975469906e-10 11.00000000726721 2.702328916193153e-10 1.7529493412382635e-09 1.0831922581111542e-09 -4.897393601765998e-10 1.4888475452501382e-09 -4.3874393007570234e-10
-1.905769320131867e-09 -9.844735027186857e-10 9.27853627263886e-10 1.155896989235572e-09 2.702327250858616e-10 11.000000006460503 -5.186697182857358e-10 7.072981089706332e-11 4.986527857298029e-10 1.496138851697637e-09 -2.806630650109554e-09
1.965803075876238e-10 -2.0162682634605744e-10 2.210959193504891e-11 4.1193248812021466e-10 1.7529493412382635e-09 -5.186699125747651e-10 11.000000003737087 1.0908225711592223e-09 7.695566406340504e-11 3.738441778367019e-10 4.521948371305484e-10
-2.4491297878626028e-11 1.4718393170909394e-09 -1.3613838389936461e-09 -1.3162998468985165e-10 1.083192202600003e-09 7.072982477485112e-11 1.0908225711592223e-09 11.000000004829843 -4.316336732479442e-10 3.3138507216090574e-10 -1.4093576305995725e-10
3.946827309420087e-10 -6.068807678616395e-10 3.170663731566492e-10 -2.4970892020803603e-10 -4.897395822212047e-10 4.986525081740467e-10 7.69559416191612e-11 -4.316334512033393e-10 11.000000007671002 2.6386953733137375e-10 -3.971669659819099e-10
1.7238839244981818e-09 7.546874791763969e-10 5.483347109702663e-10 1.348758160713004e-09 1.4888477672947431e-09 1.4961395178314518e-09 3.738444276368824e-10 3.313851831832082e-10 2.6386953733137375e-10 11.000000003755355 4.058106073401291e-10
8.268907780717427e-10 6.5983662977942e-10 1.1333551874770365e-09 3.5291392030956104e-10 -4.3874415212030726e-10 -2.8066310941987638e-09 4.5219539224206073e-10 -1.4093542999304987e-10 -3.97166743937305e-10 4.058106073401291e-10 11.000000006469914


11.000000001

-0.4311209282604966 -0.4505002628821054 0.03365350224041972 0.40901965618743635 -0.12011972787723295 0.21943011562710843 -0.22819510429922296 0.4545470271352628 0.3468962626804325 -0.03352506818233304 0.005443109026466083