11.000000656155906 3.3059884552155694e-08 6.988079676029102e-08 -1.917679348650836e-08 2.5451854290814424e-08 -1.866011500872844e-08 1.488369100188791e-07 4.1889783406780234e-08 1.8762979969721982e-07 -1.4086356103781839e-07 -1.4620098554019023e-07
3.3059885107267206e-08 11.000000570807503 -1.6127683478972532e-07 1.471619648363287e-07 1.318472117317615e-07 2.834828921605137e-08 -9.399891909289693e-08 1.4822251463274955e-07 6.702484078857651e-08 2.994384018517593e-09 5.406615705139117e-08
6.988079631620181e-08 -1.6127683501176993e-07 11.000000840905304 2.7647895195492822e-08 6.392751346340209e-08 1.0288518197121288e-07 -6.076751898898003e-08 -6.34750219861719e-08 2.6389442908669736e-08 2.810934887631511e-08 6.662581025773662e-08
-1.917679259832994e-08 1.471619648363287e-07 2.764789552855973e-08 11.000000539144867 4.66053560188584e-08 -8.865402378877008e-08 2.7028759452818463e-08 4.376977325720732e-08 6.344101244337708e-08 7.209545405117979e-09 -8.630406611587205e-09
2.5451854401836727e-08 1.3184721101011654e-07 6.392751351891324e-08 4.660535646294761e-08 11.000000359527919 1.3893425739042176e-07 -1.0384870602342389e-07 -4.3892125029584145e-08 1.2084900402609122e-07 4.164214084667606e-09 -5.549241066660215e-10
-1.866011545281765e-08 2.834828921605137e-08 1.0288518196427399e-07 -8.865402401081468e-08 1.3893425761246636e-07 11.000000918731388 6.662249335542825e-09 -5.3308221420033525e-08 -1.1115059561639384e-07 3.6395786412457554e-08 6.719221057327474e-08
1.488369099078568e-07 -9.399891920391923e-08 -6.07675185726464e-08 2.7028759230773858e-08 -1.0384870630097964e-07 6.6622502237212444e-09 11.000000634751867 -9.590303067311123e-08 1.1844091907242671e-07 -2.7671652746974473e-09 1.0228548530388792e-07
4.1889782962691025e-08 1.4822251463274955e-07 -6.347502309617808e-08 4.376977309067387e-08 -4.3892125030017826e-08 -5.3308221420033525e-08 -9.590303067311123e-08 11.000000588676789 -4.392954949111738e-08 -1.2245683700569387e-07 8.629230076676042e-08
1.8762979969721982e-07 6.70248400114204e-08 2.6389443796848155e-08 6.344101199928787e-08 1.2084900402609122e-07 -1.1115059517230463e-07 1.184409184062929e-07 -4.392954949111738e-08 11.0000006603611 -4.2008275746852064e-08 5.848693640508884e-08
-1.4086356070475148e-07 2.9943846846514077e-09 2.8109348598759354e-08 7.209544516939559e-09 4.164213529556093e-09 3.639578619041295e-08 -2.767165163675145e-09 -1.224568368395941e-07 -4.2008276635030484e-08 11.000000513576104 -5.116054402343195e-08
-1.4620098554019023e-07 5.406615743996923e-08 6.662581025773662e-08 -8.630406611587205e-09 -5.549241066660215e-10 6.719221065654146e-08 1.0228548563695483e-07 8.629230032267121e-08 5.8486936183044236e-08 -5.116054424547656e-08 11.00000031736126


11.000000100000005

0.4232586338655702 -0.23268300751930354 -0.5261352448838625 0.0186744106842035 0.056514494601920366 0.17351250765890447 -0.35868713126177143 -0.3726829122716005 -0.1967913472155435 -0.3700684813546034 -0.11409078307948418