6.075883540079993e-09 2.5659626295560443e-10 2.9254621940637143e-08 1.1911481181989513e-08 2.4011528904357997e-09 2.1700951803369403e-09 -1.702652108174564e-08 -2.5494319719986163e-09 -4.568451359609815e-10 -2.992671241632975e-08 1.1435233520293178e-08 -1.0745134675167761e-08 4.403112832709768e-09 4.039416456970316e-08 -2.35788900326099e-08 -1.173731533631001e-08
-2.8109754565929664e-08 2.744097653553887e-08 3.885980947651645e-08 1.8374246510859155e-08 9.498045719627532e-09 4.2066077116397505e-10 -2.43653690662646e-08 -6.832275141483102e-09 1.6619130767311964e-09 -3.6631325591009966e-08 1.686231662201401e-08 -1.5720861832811176e-08 6.701892061025752e-09 5.0611426698037674e-08 -2.8840051938809234e-08 -2.043387090233626e-08
-3.0090691006026645e-08 -4.197646628433555e-09 8.010096228012361e-08 1.506737627985963e-08 3.876561763111082e-09 1.3953026692026657e-08 -3.1615400491661185e-08 -7.507815778479428e-09 2.0587200667462013e-09 -5.162034409330223e-08 1.6535226966675118e-08 -1.5416902882873403e-08 5.8003467540499105e-09 6.461468892164817e-08 -3.8410777474034886e-08 -2.007727250820198e-08
-1.5143081500710654e-08 -2.3267142256916002e-10 2.7235457430809145e-08 3.228581444863046e-08 2.6301415366881434e-09 3.449813842225732e-09 -1.6289275193646028e-08 -2.375955350696646e-09 -2.177063712349506e-10 -2.6342091281762623e-08 1.1691001591547768e-08 -1.1724123262919727e-08 3.0683652930907754e-09 3.949962046090607e-08 -2.2497235525146314e-08 -1.192395082021846e-08
-2.8555621636367783e-08 5.828786058165915e-10 4.4162108225209156e-08 1.834818148738483e-08 3.0947362696814475e-08 2.6618743369846817e-09 -2.84565847735456e-08 -7.2368481093762785e-09 1.6643606118354197e-09 -3.915302119424174e-08 1.4017536139920735e-08 -1.1497313932642039e-08 8.276972719918236e-09 5.209972050535996e-08 -3.03909427829107e-08 -2.147586031241282e-08
-1.982777433071814e-08 5.185877353885264e-09 2.148589981429776e-08 1.4868410208767699e-08 7.922411230128831e-09 1.874449686336284e-08 -1.3366841158896046e-08 -4.481199335847761e-09 -8.594743940679001e-10 -2.1190190547302733e-08 1.1367218981278432e-08 -1.1546152255886261e-08 5.346657375969043e-09 3.069542505284418e-08 -1.4698036776661075e-08 -1.368960348130132e-08
-1.5999583641048987e-08 -4.540124153487904e-09 3.3494852691408393e-08 7.547680706126616e-09 -1.042749668320686e-09 1.0030697199472413e-08 5.950463133675958e-09 -6.240055120959586e-09 1.2323678227774861e-09 -2.9354512947806433e-08 8.082118288898492e-09 -4.375408208118751e-09 3.473213301413368e-09 3.426785719265397e-08 -1.9543242207472756e-08 -1.1035775788755679e-08
-2.3656690408108642e-08 1.2684606602352117e-09 3.8431840628963334e-08 1.7491815238663993e-08 7.635882183557263e-09 7.185106187007893e-10 -2.615608825169514e-08 1.8401097859337823e-08 1.6408953061768738e-09 -3.615508837417863e-08 1.6568361636264613e-08 -1.5513680058849288e-08 5.460637389039188e-09 5.4049606994446595e-08 -3.081912746402689e-08 -2.0655791728095174e-08
-1.815785506849799e-08 6.672987013492705e-10 3.4055761766092005e-08 9.556305585393252e-09 2.638130105156667e-10 3.1925748206767022e-09 -2.0933322740442966e-08 -6.113546936141705e-09 2.457896452533965e-08 -3.134794818187773e-08 8.909414504818465e-09 -7.277194065453222e-09 7.231234086820017e-09 4.025165916927712e-08 -2.414635537798901e-08 -1.1466258023886353e-08
-2.1728042924203354e-08 2.4492507431722583e-09 3.3462065991864685e-08 1.3287503043796315e-08 4.955310152679434e-09 3.689249506109141e-09 -2.1669826430332696e-08 -3.218696365204874e-09 1.1243592985264518e-09 -8.856690672745627e-09 1.0206889422496756e-08 -1.2857184125209259e-08 4.5184335295841224e-09 4.1860524251243115e-08 -2.252895861797961e-08 -1.4261830258170124e-08
-1.8989179029490722e-08 1.246215090667639e-09 3.5279528179368555e-08 1.2321315253817551e-08 1.2026634990902315e-09 5.0399206345938325e-09 -1.7255727841788686e-08 -4.6890148381841175e-09 8.348577661245314e-10 -3.5829435700284554e-08 3.3560265917483145e-08 -1.1232576676359705e-08 4.133288623959506e-09 4.261620274736436e-08 -2.1998953275919886e-08 -1.3704939877860109e-08
-2.6296398781651686e-08 2.3566150614056652e-09 3.9137453206758907e-08 1.9050486223770274e-08 8.554235471818751e-09 -7.881000604902977e-10 -2.2414167788904502e-08 -6.933880612465995e-09 1.4890539319945503e-09 -3.8664723276266284e-08 1.4371576176216911e-08 9.801023072335783e-09 8.047579375450549e-09 5.239115625519493e-08 -2.9079300293516466e-08 -2.066639203613935e-08
-1.724557666944645e-08 -3.032581873129547e-10 2.8841373361729632e-08 9.82132775680132e-09 3.097915995876059e-09 4.045522113636891e-09 -1.7788426925793512e-08 -5.084489716795262e-09 2.3777202368967837e-09 -2.7687337799217924e-08 8.072785892591173e-09 -6.033797599869011e-09 2.83982890255894e-08 3.6122688049830126e-08 -1.9306075514923083e-08 -1.2332464260468024e-08
-2.4516880161317748e-08 6.722348195473046e-10 3.829514575682253e-08 1.6716677919765817e-08 4.245442041511062e-09 3.3471804430269573e-09 -2.5681136245291676e-08 -4.812054823898553e-09 2.095111218150873e-09 -3.586861115941877e-08 1.2818215009028774e-08 -1.0500736337717849e-08 6.114061082599676e-09 7.24352958981255e-08 -2.6796735587612646e-08 -1.9125528075567145e-08
-2.123906864675035e-08 -3.899645291396006e-09 3.7779474593177917e-08 1.1231791738447298e-08 1.8028986748747918e-09 9.429545492013086e-09 -2.1771771192483325e-08 -5.049900898867567e-09 9.566113400378485e-10 -3.428698531504355e-08 1.2081801716870524e-08 -8.639889074895174e-09 4.511310992191515e-09 4.5259425553870875e-08 -2.197155099741269e-09 -1.4981133816777188e-08
-2.9514661204262297e-08 2.5107925813649064e-10 5.283688469648145e-08 1.7501074767565384e-08 4.3202495641011656e-09 7.532995699866207e-09 -3.428074134132008e-08 -7.123824834200314e-09 4.740110482066715e-09 -4.6685792277219694e-08 1.6517124838864292e-08 -1.4795897632872251e-08 6.971459661922618e-09 6.281532101427895e-08 -3.623136118381008e-08 -1.6670500239505964e-09


1.6e-08

