23.154199139454796 -4.766454502508067 2.5518561747624275 -2.535939510678839 -2.4215906679194825 -0.7334326992528106 -4.442334589042617 2.0565599408618436 0.5396686876364925 -9.794861840700797 -1.8038575804369492 11.063449824433306 8.549769698277272 -1.940917167544792 -6.0575815001093165 7.470455195736603
1.3510720502184475 10.029415270528121 3.0394257913578233 -2.9344917294162056 1.6709045431554366 1.3948452041021655 -7.8862973261400136 2.4216274010011656 3.555677362000594 -15.06368560829496 -2.1193677638451853 16.632281870664006 8.091037420601479 2.3999266534755908 -12.340832205824071 13.196357198983137
-2.7914084301997217 -2.938656397823177 23.5137040668436 -3.634559456783021 -3.0717480414886085 2.2432768538728918 -3.8500229984965824 4.209930415662237 3.721788854121579 -6.543498446478253 1.5711605936171422 7.631528008508588 3.0057834037279916 1.6791091800436808 -4.092874194361089 -0.02531228641818306
-2.2873826501037797 -5.053297584938839 2.078401309323972 21.605496395115487 -4.690289193155847 0.6461251177652254 -2.3018311960799416 4.830217008754163 4.876214016088252 -8.02473697060072 2.5848882549426384 9.29217025793052 5.4366982388826415 -3.474458362664114 -8.133270103148524 4.590129853998433
-1.5408938564172106 -8.21392504477679 3.083887397478372 -3.6873722586444204 25.544562437221998 0.7546196716676723 -5.703246616652099 1.5706381872565922 3.2750962664989354 -11.033437232907273 -0.47848428644121466 8.668633868054874 8.318160505709352 -0.95793194748344 -5.655534989310589 9.325228089075683
-8.271453241239515 5.626910908054141 -13.657129801517302 -4.474077898592047 -3.8251707794897314 22.45945200936505 4.181774135632513 -3.832236854751944 1.9718545828398295 -1.9639662856819529 5.765787766414537 9.64559126637342 7.97615873411375 5.338553579696367 5.253765644432683 -12.797851943818216
-2.7392760510528227 -0.03868062724433863 -1.8430430207572586 -0.9095085957701149 -1.8971338788226226 1.6309465579337665 19.509182627965426 2.7802536996439033 0.7068050846367426 -3.715273934306652 1.7671503944277671 3.2490696910624624 3.4749194467065667 -1.8141177934540968 -1.7643699007756815 3.6277219666817646
1.8357688513562982 -4.951217301475974 1.6007924535604516 -0.5749365356618816 -0.7761020578518476 2.632490413589881 -5.729411313219871 22.483048316079014 0.3643519408568139 -10.91035422635656 -1.542320426043631 10.685398783305832 8.7160535743565 0.5788021555643992 -8.464395910500258 6.50865976798739
-4.239588787192954 -5.343343253547459 -4.574607672723509 -4.203585611600264 0.18071288782999517 -1.8010142679659897 -1.0435851309967905 -3.2254280891789477 28.421432714629848 -11.131444611037427 0.9619847018532037 18.281618778886475 10.5044246704524 2.807640597743437 -4.5956583796550134 -0.9507189435319928
-0.5250478875682043 1.5305529658314863 -10.447410366106595 -3.3312532576498795 -2.952243138682295 1.322202970262475 2.6551714465890495 -11.583001328662762 -0.08903334715871924 16.975559925421585 1.5648739533776916 18.710466883831586 11.811913445091179 6.277052108856421 -3.525853662435814 -11.084761670525271
-2.8734018237909087 2.132845274565393 -5.854061631706858 1.2025855896253643 -6.257549058516335 -0.08935711275205938 0.44974065476274294 -1.3668532118877437 1.8112542211620575 -5.62196040292011 26.926516986957136 11.469471457404556 6.590317978819335 -3.3267622597594793 -3.9656450439062016 -1.0816582459209616
-2.207307675668159 -3.4984166542715673 -0.40647796533949254 -3.1696707152945014 -3.068767365176358 1.8528605426771356 -4.450971418367345 4.058899820330177 4.041569602629922 -9.304700584995587 1.0995155350423473 31.821104180630208 5.955711097436601 -0.1289197437633609 -5.546004483910113 5.261591939011179
-2.2645363057876113 0.5983155604975918 -10.015173954974632 -2.343797502186894 -0.9539059863582802 2.487313610928134 0.47873147337608835 -7.461349718873178 1.6131315111088824 -7.470553859178904 1.709188926581731 15.566612435553942 33.17942838204103 6.13312266558226 -3.6230144648010985 -7.832969075355777
-2.306728660660962 2.552433024495965 -4.1485039288297205 -1.939634879343999 -5.022389553389572 3.3866056197488907 -2.0867112081323373 -0.21489894096452922 1.5136174281423909 -4.863650585118185 1.35360642976764 9.644615316291425 4.829742764258789 25.55237949448707 -4.545986089777506 -4.821480083570037
-4.394143425066378 -1.7654695975374088 -0.0919897526686615 -4.948527816732998 -2.7374176536192154 1.2921488220444906 -2.7140627249844664 6.35792889909572 4.723136681375236 -6.405320159740975 2.3891724697291457 3.503230710859773 3.316918894106643 -1.650589736835065 22.834132974195725 2.7014827732465947
-1.9414841949886177 1.0757338587098233 -8.189395321451183 -0.9258099174532545 -2.704370322518976 0.2907997421978993 0.6775425863166231 -2.2639865341353733 1.8577898475073482 -4.893406837716386 2.172092624902932 10.321388790757327 5.094328238533447 0.8309971883128807 -2.2103676611869596 21.990385079063888


16

