4.50170989827338e-06 -2.645975992860416e-07 -2.4379530892308836e-06 -6.248477047864128e-06 -6.814954457635397e-07 3.162163294405894e-06 -2.00985787088615e-06 1.187069253262117e-06 -1.023037654296273e-06 2.581717405562415e-06 -6.525496640297392e-06 2.93308820787642e-06 -1.1653472293554961e-06 7.287608688587709e-06 7.294905930254121e-06 -4.286751024522854e-06
2.227453430585981e-06 1.940010015123807e-06 -2.5763529539412996e-06 -6.852822049703661e-06 -8.543538985783434e-07 3.7293671927634907e-06 -2.1040899316248154e-06 1.5606076502931178e-06 -8.955802791987411e-07 3.1440173990486332e-06 -7.337793627184428e-06 3.1184327096420464e-06 -1.856431607601806e-06 8.028047154952135e-06 8.11199694034477e-06 -4.590943400313165e-06
1.3486107484364715e-06 2.7689659248032334e-07 1.197262817777708e-06 -3.8961794604715344e-06 -5.2559472741817564e-09 1.5158672576481474e-06 -9.204673377965306e-07 2.1059869279123048e-07 -3.697351206957378e-07 1.5442896122745045e-06 -3.933432062504548e-06 1.468782086867985e-06 -3.112415225641656e-07 4.205865539787247e-06 4.2921351797502524e-06 -3.206353355862896e-06
2.714546463858417e-06 -9.04716052562751e-08 -2.7064114227199426e-06 -5.866983937908587e-06 -5.87027174374012e-07 4.144588823057341e-06 -1.8430145600479756e-06 1.1648715085368425e-06 -1.4424220602692037e-06 3.907360594164107e-06 -8.786776639865734e-06 3.3996876765778213e-06 -1.891318758169651e-06 9.322354207046272e-06 9.614713285022775e-06 -5.944750912088786e-06
-2.310222074070761e-06 1.012352044230041e-06 1.591682166676855e-06 4.325828804289444e-06 3.5718143961738878e-06 -3.097916982536889e-06 1.3803326983530145e-06 -1.1267522761340456e-06 1.2739765359258791e-06 -2.6704098624881183e-06 6.332891221418307e-06 -2.314931788096893e-06 3.2640156353676628e-06 -6.1355441644493e-06 -6.707857122711448e-06 1.5883590521696594e-06
-3.4600071290523067e-07 2.9552911528446926e-07 -1.2415846090468973e-07 -4.2293967000466876e-07 2.592289853311376e-07 2.0318106342867274e-06 -1.863092674337917e-07 4.929304506563008e-07 4.005669638036307e-07 1.0336439920032188e-07 -6.290558278816931e-07 4.83815827563065e-07 2.3563942090373352e-07 3.017804596105072e-07 -4.0924875295877106e-07 -5.414301834486864e-07
2.9606227079787936e-06 -7.924745161944182e-07 -3.490012648964172e-06 -9.684410122876216e-06 -1.0719293530183024e-06 5.288892435546764e-06 -9.11263018861886e-08 2.216678808235608e-06 -1.6179380589108603e-06 4.839740261127847e-06 -1.0877921738925826e-05 4.488500204861484e-06 -3.207959992921908e-06 1.1381366593082796e-05 1.1295133609320154e-05 -5.824660148843057e-06
-7.500861685041545e-07 7.794166244413591e-07 -8.456605997733056e-08 2.744209597787568e-07 5.991702346108113e-07 -6.23601056546655e-07 2.705166139454548e-07 2.012726859596575e-06 4.42136453010093e-07 -2.9598082083476123e-07 1.4303496503746215e-06 -5.999877144548642e-07 1.6497880609580724e-06 -9.245260802283355e-07 -1.2648516065583636e-06 -1.077145001114406e-06
1.374930446765139e-07 4.088332716256735e-07 -5.710308221808639e-07 -1.732818269800701e-06 6.260709204967469e-07 -3.905315591457597e-08 -5.814636774243463e-07 2.3058843143208212e-07 2.600165823424879e-06 -4.7586220605518196e-08 -1.2606877974373817e-06 7.251040382822353e-07 1.2752829960249384e-06 1.3628017915220731e-06 1.0134676932427615e-06 -2.060888388186105e-06
1.9536039029123144e-06 -4.898462506739559e-07 -2.060071095729942e-06 -5.488642631112612e-06 -7.11247779188727e-07 2.8472834367761552e-06 -1.5584059206600806e-06 1.1466809495143555e-06 -9.559649274488379e-07 4.753891855535237e-06 -5.804278415346891e-06 2.5619441517583856e-06 -1.1386208309972813e-06 6.3139297593496635e-06 6.607586140982572e-06 -3.675753058967238e-06
2.754076221085458e-06 -2.580361936847105e-07 -2.5299969731225448e-06 -7.180540007077317e-06 -4.891015672903921e-07 3.211836953496547e-06 -1.8804168947961867e-06 9.71182340087441e-07 -1.0856724005943803e-06 2.9908350658743848e-06 -5.328095271111997e-06 3.1045141954219304e-06 -1.2613677906017777e-06 8.153847778919767e-06 8.480342030834854e-06 -5.0209502498187845e-06
4.688684423516089e-06 -1.027957565039101e-06 -4.456371025270588e-06 -1.2898001237607746e-05 -1.3658398829537565e-06 6.80995582335772e-06 -3.255915086745105e-06 2.2991488390654794e-06 -2.2878025084897283e-06 6.064500394646414e-06 -1.4246623272265012e-05 8.224035626758003e-06 -3.8078167712655416e-06 1.495856012356349e-05 1.5339780330560957e-05 -8.055855331774898e-06
1.9110644881435045e-07 9.880281291541396e-08 -7.092323362563692e-07 -2.0914935039941694e-06 1.6871080554918873e-07 5.22321674231249e-07 -5.86913372351883e-07 6.906703775003564e-07 3.173129490459276e-07 9.725369649838311e-07 -1.9015710237665192e-06 9.889771656249412e-07 2.7254842747561776e-06 1.8959967836994205e-06 1.6182459506241473e-06 -2.185917476059205e-06
2.964260896303941e-06 -2.2115900968293679e-07 -2.769559073440661e-06 -8.321454824206486e-06 -6.657913683283223e-07 3.914437248499878e-06 -2.1085919404010536e-06 1.3891409383186365e-06 -1.065407899955531e-06 3.689261678772904e-06 -9.131254925077373e-06 3.6843051823592512e-06 -2.05241056444492e-06 1.1754826878797072e-05 9.65638321589109e-06 -5.649891726456196e-06
-3.381357247089565e-07 5.311637803111141e-07 1.1537386544362075e-07 -2.94002544203099e-07 7.209594211531116e-07 -4.635622266567784e-07 2.916777808552661e-07 -5.405206430069527e-07 1.8313856375875402e-07 -7.477138430878524e-08 6.573910461111891e-07 -4.5232707994326634e-07 1.414868093286782e-06 -3.354973761832615e-07 2.0257085919435992e-06 -1.4178360268892809e-06
-6.016902180190908e-07 2.852712858470958e-07 7.859673241190448e-08 -1.9581796974784725e-07 4.779377939875209e-07 -4.1677810908617806e-07 4.774139209633157e-08 1.130688640678384e-07 5.321897856367016e-07 -1.7036767124404314e-07 6.611349904169829e-07 -1.734309019787712e-08 1.0093850811498423e-06 -5.053301440106346e-07 -9.335884842003106e-07 1.5467578384596957e-06


1.6e-06

