-0.2156060790803722 1.2200110516017615 0.41722598681330425 -0.8771322432203683 1.1479721922492758 -0.006635143649226398 -1.7695541210804557 0.23115134902746773 1.2517187696965868 0.8936813651478124 -0.32183150739575705 0.10797723561014268 -2.114496446860233 -1.5910337851729182 1.7489096245605524 0.6570492688098203
-0.12117497171538069 0.663684202302236 0.2166303933460581 -0.4573657140097284 0.6064768986293828 -0.00700707430351112 -0.9358722361071193 0.12305220435237162 0.6610068308789201 0.4743145722968299 -0.17257004580367435 0.054853947391465596 -1.1105104814230722 -0.8417489814989767 0.9212056509862003 0.3466460187713282
-0.05198328053486981 0.28417913265273653 0.11882049682997459 -0.20245205131093214 0.2736769084492082 -0.005220092373243589 -0.419707538951567 0.05470890949917653 0.29372930882508796 0.21330513916671434 -0.0766337614653568 0.022660310364535044 -0.4953154524889307 -0.3754303639073404 0.41107423533159504 0.15495752642001198
-0.21889344974389446 1.1373795764374677 0.38544692306640604 -0.7963778232846834 1.0633521907575445 -0.007643607556682709 -1.6397025411643469 0.21410680316042313 1.1617009663617988 0.8290376416144694 -0.2984932426742076 0.1006796381550889 -1.9617392569426995 -1.475432386707428 1.6226380002222018 0.6081045571449557
0.06914760492420266 -0.29924862040088684 -0.10440746872997314 0.2219715458358963 -0.24928106325301425 -0.00283482545656784 0.4160749243357267 -0.055137193615997004 -0.30254799596035187 -0.21302273217956202 0.07714255030816358 -0.026918328519424675 0.5125255125324848 0.37477620778200027 -0.4217188580444421 -0.15591136982829146
-0.14421143827060073 0.7806970968749293 0.2636744596380044 -0.5608106933117167 0.7369231759176096 0.01770650424706142 -1.1423645287690143 0.14899885331101737 0.8039016725195172 0.5754312256980054 -0.20717279842159905 0.06808670765267488 -1.3543465506425274 -1.0269357051640124 1.1241626710996662 0.42250736467863664
-0.09235823681976411 0.47974432358571617 0.16353046020497844 -0.34037035914978364 0.45509987285431647 -0.00588845070863194 -0.6796355953647517 0.090390995866785 0.4922674433838393 0.3570632764421983 -0.12660093620533935 0.0427231433823778 -0.8318617781087791 -0.6338571330979554 0.6898246687821616 0.2623802232681524
-0.05732696976267057 0.3415804563213942 0.11263947637814595 -0.23934332778077283 0.32408596670608636 -0.0034188741262301293 -0.5039315843323844 0.088193682080738 0.3501843795243812 0.253521190863005 -0.09220639125207414 0.029378369852682718 -0.5875363855558289 -0.45556253053531937 0.48950234998345243 0.18431520923711975
-0.051196329212908814 0.26749930627939367 0.08944851105089018 -0.18857912327357818 0.2526168285764028 -0.0024878473977780896 -0.3911577712436238 0.049588356217815585 0.29775620659008945 0.1984407867811298 -0.07165746879036347 0.025068898431088556 -0.4614322056816864 -0.35374190146880735 0.3832499790873019 0.14730934360167908
-0.13984872574409168 0.7374821940611729 0.2504122357277425 -0.5286713521915957 0.6911182932433418 -0.005955359985940505 -1.068708884116982 0.1383322509868394 0.7552080182732763 0.5652094751718146 -0.19536551082536893 0.06509429909112481 -1.2734083699798595 -0.963350655988779 1.0541639754159988 0.39704296443183307
-0.21264800146729984 1.0797746928901435 0.37093447367069826 -0.77482606826818 1.015610070852561 -0.003632741183291679 -1.5662362725491048 0.20248343955107395 1.1093065351193223 0.790316669060185 -0.2619441191356092 0.09775395312554411 -1.8705249314689736 -1.4135125392658676 1.5493468445795124 0.5820518725162631
-0.20559875515556647 1.047372360928775 0.3579889081154789 -0.7543194654746397 0.9792027030048717 -0.0031723529487487287 -1.5110966319044605 0.19782824498793505 1.0733786463719808 0.762184726168216 -0.2747356753696837 0.11774071504808176 -1.810681947382812 -1.3617840160439805 1.4957487701700543 0.5612467924646607
-0.02020784560834854 0.12099648303011579 0.04032108659567657 -0.08131263296804586 0.12139545080960867 -0.0016549096994655141 -0.1904913916351496 0.024450491402437047 0.1311036442047302 0.09589367314504832 -0.03554520958620172 0.008947037797927965 -0.1922230025488706 -0.17224337370486886 0.18128670362500865 0.0716623750813754
-0.13687182841334455 0.7415538334845478 0.2515745729957127 -0.5334221302158672 0.6980278894782905 -0.005993223224940577 -1.0799535335355062 0.13928060797085412 0.7635898571073941 0.5440772662249462 -0.197868186380523 0.06427450330762478 -1.2869820782344736 -0.9452662901879849 1.065031967950452 0.4003910898132906
-0.15997077719286737 0.8167315359932005 0.28094031313649903 -0.5871495297993122 0.7700759240873999 -0.003546382474031955 -1.1899623699616333 0.15379565969118272 0.8404474115800824 0.5997808065168716 -0.2151396263774733 0.07104789868152474 -1.4207853823722472 -1.0683244094106938 1.1983666251865004 0.4436376888985747
-0.22777228393704396 1.1633284124179868 0.39669950466824955 -0.8385662703902692 1.0909482096090106 -0.00487322522590001 -1.6819268913103773 0.21817526299423504 1.19545198801292 0.8517337560974295 -0.308395354801385 0.10244061705471759 -2.0122807824697313 -1.5160541148317015 1.6666934730788106 0.6488560653987918


0.016

