11.00005329720005 4.406257447145401e-06 8.332252466325407e-06 3.920985134353572e-06 3.314415963490136e-07 1.964807329302154e-05 -5.5575672340268945e-06 8.845212273678182e-06 7.716326670514917e-06 -1.1676950136194075e-05 -8.99174776108902e-06
4.406257447235606e-06 11.000072534351373 2.5205206705819494e-07 5.985371953939889e-06 1.5788200204843242e-05 -9.83477921351339e-07 -4.7573564440628324e-07 1.322709253097007e-05 -2.726349949550011e-06 2.595284753439779e-06 4.1602801358307795e-06
8.332252467158074e-06 2.5205206666614743e-07 11.000072908556206 8.711723000764948e-07 -2.0032734214824044e-05 -2.0620337151611157e-05 9.155915765279854e-07 2.5018481203953336e-06 -3.0289171415454064e-06 -1.0708163946451799e-06 6.953268220644127e-07
3.920985134131527e-06 5.985371954050911e-06 8.711723002985394e-07 11.000046282240406 -1.5371006572423296e-06 8.604133124645585e-06 -5.0040124184302925e-06 -7.652352916553973e-06 -1.2113920478729057e-05 -8.897278342606674e-06 -1.3565851420982433e-05
3.314415963351358e-07 1.5788200204634208e-05 -2.003273421504609e-05 -1.5371006572423296e-06 11.000053263685077 1.396783586443684e-05 5.1807653942345655e-06 1.5575154247160494e-06 2.260319318048154e-06 3.1836516676212595e-06 -1.1997994480782148e-05
1.964807329213336e-05 -9.834779204562216e-07 -2.0620337151611157e-05 8.604133124978652e-06 1.3967835864547862e-05 11.000073290944188 -2.91459215651102e-07 -3.894681627814034e-06 -8.493086361083257e-06 -3.4312468661645834e-06 3.1392976744260004e-06
-5.55756723380485e-06 -4.7573564442016103e-07 9.155915763059408e-07 -5.004012417986203e-06 5.180765393790476e-06 -2.914592154290574e-07 11.000068221510634 4.353378699611943e-06 6.379567524916752e-06 -9.113151619812021e-06 1.8159279069840384e-05
8.845212273622671e-06 1.322709253052251e-05 2.5018481204508447e-06 -7.652352916331928e-06 1.5575154251601386e-06 -3.894681627369945e-06 4.353378699195609e-06 11.000072829480072 4.4959911504882655e-07 -1.5687967802761882e-05 -4.543471134432764e-06
7.716326670959006e-06 -2.726349949883078e-06 -3.028917141101317e-06 -1.2113920478729057e-05 2.260319317659576e-06 -8.493086361527347e-06 6.379567524916752e-06 4.4959911460473734e-07 11.000022013141603 -4.23348787792488e-06 -3.999282331024201e-06
-1.1676950136194075e-05 2.595284753425034e-06 -1.0708163946451799e-06 -8.897278342606674e-06 3.1836516676212595e-06 -3.4312468668307172e-06 -9.113151619812021e-06 -1.568796780265086e-05 -4.233487878091413e-06 11.000065550536263 1.4405163468511617e-05
-8.991747760311863e-06 4.160280135615674e-06 6.953268217591013e-07 -1.3565851420760389e-05 -1.1997994481011132e-05 3.1392976739264e-06 1.815927906986814e-05 -4.54347113471032e-06 -3.999282331745846e-06 1.4405163468858562e-05 11.00005980835413


11.000010000000024

0.29445505251280235 -0.2740663395371583 -0.27880684125860844 -0.2939447929674932 -0.4237127065609577 0.14588628225996253 0.2971637367176715 -0.416233523312916 0.22000832324445224 0.38592122332885986 0.11973436145201201