11.00050301028424 0.0001040386279081984 6.342916804986942e-05 -0.00015422768340611626 2.7710631782973394e-05 8.525427127370477e-06 0.00012690883815813514 -9.665757907617589e-05 -3.924911878777637e-05 5.804542667586787e-05 0.00014980682232482168
0.00010403862790797636 11.000651488352986 8.608540299671896e-05 0.00010034417629589676 2.6683529571025488e-05 0.00010982230246581182 -0.00011133644526339914 -6.322959863303002e-05 0.0001193170269238597 3.096830720372701e-05 -0.0001558222806345433
6.342916804998044e-05 8.608540299692713e-05 11.000460033262716 -0.00010990438015326398 -9.510702672332894e-05 -4.747837569499258e-06 0.00010110270100363583 6.081397078644413e-05 0.00011553974121640553 3.411660453436771e-05 2.1326904422955262e-05
-0.00015422768340567217 0.00010034417629589676 -0.00010990438015326398 11.00058767516233 3.049832417190146e-05 0.00011335804915701964 4.875745314991686e-05 9.899526560785965e-05 -4.94089945413112e-05 -1.1971667460031199e-05 -5.5455678236893124e-05
2.771063178319544e-05 2.66835295705814e-05 -9.510702672332894e-05 3.049832417101328e-05 11.000466622915972 -9.801367196859978e-05 6.247260474012695e-05 -7.806035288382418e-05 -1.0110333854562725e-06 0.00015894998223098256 -6.769585481397611e-05
8.525427128036611e-06 0.00010982230246547875 -4.747837569943347e-06 0.00011335804915690861 -9.801367196859978e-05 11.000687499754603 0.00023537507423110338 -0.00010833366676044065 -0.00015950288944369118 0.00010207381120941328 4.070746691772764e-05
0.00012690883815819065 -0.00011133644526339914 0.00010110270100376073 4.875745315013891e-05 6.247260474001592e-05 0.00023537507423110338 11.000700497174488 -7.807160867800977e-05 9.315900418849221e-05 7.507704138542959e-05 -1.4125595298786209e-05
-9.665757907617589e-05 -6.322959863291899e-05 6.081397078647188e-05 9.899526560852578e-05 -7.806035288404622e-05 -0.00010833366675999656 -7.807160867756568e-05 11.00068370134748 0.0001286316497921547 8.444381646466326e-05 9.146243935720388e-06
-3.924911878733228e-05 0.00011931702692374868 0.0001155397412159545 -4.940899454064507e-05 -1.0110333850121833e-06 -0.00015950288944277524 9.315900418874201e-05 0.0001286316497926543 11.000851684070495 1.7251303851995026e-05 -5.491306488303316e-05
5.804542667631196e-05 3.096830720372701e-05 3.411660453467302e-05 -1.1971667460031199e-05 0.00015894998223142665 0.00010207381120941328 7.507704138520754e-05 8.444381646510735e-05 1.725130385177298e-05 11.000448348141092 -8.360710265031823e-05
0.00014980682232379472 -0.00015582228063387715 2.1326904422511173e-05 -5.5455678236004946e-05 -6.769585481419815e-05 4.070746691772764e-05 -1.4125595299313565e-05 9.146243934943232e-06 -5.491306488326908e-05 -8.360710265020721e-05 11.000559439533578


11.000100000000002

0.4012501923218369 -0.1890069310101792 0.24917305220560415 -0.4497490878220799 0.16942650763360753 -0.3920739238644991 -0.2623992192977777 0.2274683420849008 0.32367232447999794 0.35342400843528954 0.07885688082331331