17.633938189384395 -0.06661473697737552 -0.38895256843133774 1.2136084952872426 0.5621055131002128 -1.4483921905625285 -0.816574432131751 -0.02661345862808373 0.6158769027944209 -0.7325371063323447 -1.627356141242638
-0.06661473697737597 16.761420610863567 -0.2448491225880005 0.6611127012240208 0.641045009354527 0.6706670201792413 2.299282728674051 0.880613540201695 0.31896064508093325 -0.9565396806117266 -0.05178750180978264
-0.38895256843133774 -0.24484912258800118 15.921359366563292 0.686375500642713 -2.5780218316319674 1.6246606448067171 0.441152550373209 1.0657209152043097 -0.6228985550371232 0.6942689805963507 -2.057647581863373
1.2136084952872426 0.6611127012240217 0.6863755006427128 17.440724904381295 0.051686646792007795 -0.6371606646949065 -0.014569640316859367 0.4851085757309623 -1.029529687322777 0.12322813719214382 1.2323510420911654
0.5621055131002122 0.6410450093545275 -2.5780218316319674 0.05168664679200757 16.65933957791919 1.259960368653692 -0.26860495255284955 0.5738067674777088 -0.3478864839515199 -1.3103302223925273 0.6893594148447968
-1.448392190562528 0.6706670201792408 1.6246606448067167 -0.637160664694907 1.2599603686536915 16.370444484584585 1.1424705521357907 1.8579996240130618 -0.9619394742769669 0.5417990775331096 0.02100053400667079
-0.816574432131751 2.2992827286740503 0.44115255037320944 -0.014569640316859367 -0.2686049525528491 1.1424705521357907 17.48267918781553 0.4631881971248535 -0.611080963155763 0.1842700706003484 1.0731996329824933
-0.02661345862808373 0.8806135402016961 1.0657209152043094 0.48510857573096233 0.5738067674777092 1.8579996240130618 0.4631881971248544 16.637355603036262 -0.12288609711822196 -0.8131494374539838 0.5017155455009914
0.6158769027944209 0.31896064508093347 -0.6228985550371232 -1.0295296873227784 -0.34788648395151983 -0.9619394742769674 -0.6110809631557621 -0.12288609711821996 16.61889218179739 0.2419901196329497 -0.9767463036042043
-0.7325371063323437 -0.9565396806117266 0.6942689805963511 0.12322813719214404 -1.3103302223925268 0.5417990775331101 0.1842700706003484 -0.8131494374539838 0.2419901196329497 18.69220357746627 1.4104690315628656
-1.627356141242638 -0.05178750180978309 -2.057647581863373 1.2323510420911656 0.6893594148447977 0.021000534006671234 1.0731996329824933 0.5017155455009914 -0.9767463036042041 1.4104690315628656 16.781642316188208


12.000000000000023

0.2862797959144984 0.09963978698025638 -0.15147814273832716 -0.3513840010137206 0.5462712838272603 -0.44304675319492015 0.1221625492583595 -0.04647731451206607 0.06774738611980162 -0.10057647486512769 -0.4849820012403126