11.000007322697666 -2.3717782834942192e-07 -5.54269564467802e-07 -4.4241792909044397e-07 -5.831059429750596e-07 -7.764944157384601e-07 3.024247830496485e-07 1.866418415999438e-07 1.6441633227948227e-06 -1.514603740537801e-06 2.3706328504402574e-07
-2.3717782887677785e-07 11.000004663078188 -9.365913589132191e-07 -1.4370902414184705e-06 6.330500692541818e-07 1.8494539532065701e-06 -1.4264130479002546e-06 -9.139528527046803e-08 -2.8278258656921906e-07 -3.7715398182314175e-07 -5.519016752497663e-07
-5.542695642457574e-07 -9.365913591352637e-07 11.00000480871974 -5.399369571446044e-07 -1.0720870315950037e-06 4.90668730257493e-07 5.551292969752097e-07 -2.21289725224616e-06 -5.187639393611221e-07 4.637036621346624e-08 2.713652768049357e-07
-4.4241792886839937e-07 -1.4370902418625597e-06 -5.399369575886936e-07 11.000005105010144 4.761444070133791e-07 2.376504702611415e-07 1.4165841173974236e-06 2.8950256036192057e-07 2.55910004232085e-06 9.187726232595672e-07 -4.328257331709384e-07
-5.831059425309704e-07 6.330500688100926e-07 -1.072087032039093e-06 4.761444061252007e-07 11.000006833598839 1.0792832202399794e-06 -1.396397947273087e-06 8.69620280743999e-07 8.05184028340733e-08 -7.929032621589727e-07 7.589944629460277e-07
-7.764944155233544e-07 1.8494539529845255e-06 4.906687300354484e-07 2.376504702611415e-07 1.0792832202954905e-06 11.000007621486503 1.4373522536914596e-06 -7.243190160502455e-07 6.858707493617722e-08 4.033984952189762e-07 -4.238964400882228e-07
3.024247830496485e-07 -1.4264130479002546e-06 5.551292969752097e-07 1.4165841175917127e-06 -1.3963979468289978e-06 1.4373522537192152e-06 11.000006797229592 -8.113647005786317e-07 -5.687800399556409e-07 9.263425564398631e-07 -1.413120886972763e-07
1.866418415999438e-07 -9.139528525659024e-08 -2.212897252301671e-06 2.8950256058916934e-07 8.696202806190989e-07 -7.243190164353541e-07 -8.113646998569868e-07 11.000006758639625 -7.278739893798458e-07 -1.1166591090405742e-06 6.456575771945916e-08
1.644163322572778e-06 -2.8278258634717446e-07 -5.187639394721444e-07 2.5591000422930943e-06 8.051840327816251e-08 6.858707513046625e-08 -5.68780039622574e-07 -7.278739889912678e-07 11.000006029191294 -1.4413326823170536e-06 3.23781916666821e-07
-1.5146037403712675e-06 -3.7715398182314175e-07 4.637036621346624e-08 9.187726237036564e-07 -7.929032626030619e-07 4.0339849549653195e-07 9.263425564398631e-07 -1.1166591092626188e-06 -1.4413326823170536e-06 11.000005131013724 1.363218312899761e-06
2.3706328461381432e-07 -5.519016748056771e-07 2.71365276915958e-07 -4.328257327268492e-07 7.589944628350054e-07 -4.238964398384226e-07 -1.4131208875278745e-07 6.456575772639805e-08 3.2378191661130984e-07 1.363218312899761e-06 11.000004929334697


11.000000999999992

-0.11993277980695895 0.060632068022570734 -0.3667321760096622 -0.6606695511213507 -0.10987721102418774 0.34434460964695723 0.28863245240922747 0.06291566845314676 0.06964807808361956 -0.1472806867794431 0.40805317699668125