11.07316226180529 0.0021566793020177458 0.010753667388229839 -0.011773084489154734 0.003452552981497853 -0.002522088610608278 0.020254520458228578 0.009219258494329946 0.003314383401065362 -0.0197343243617802 -0.0025171580163651577
0.0021566793020177458 11.073153633518228 0.007586909489995186 -0.007890380159887689 0.004006318416526766 0.015511251540836435 -0.005271861626972796 -0.0035009557274936487 0.008531857667271214 0.0020671008841929295 -0.0073212814473480395
0.010753667388229839 0.007586909489995075 11.038356109182754 0.010863524643973 -0.010585310466727726 -0.010933444161489447 0.0057377571445244024 0.015170148986432208 -0.001943141445572949 0.0009089258818051338 0.002381339034303551
-0.011773084489154956 -0.00789038015988841 0.010863524643973221 11.060085234335771 0.005574155910643919 0.0036107249730883417 0.007365502692904702 -0.003979781437369878 -0.020155244574888376 -0.0014665575980439272 -0.01685544473233625
0.0034525529814969647 0.004006318416526544 -0.01058531046672817 0.005574155910643697 11.060828639430326 0.0007119005883451379 -0.00048042213493837416 -0.018270101146084183 -0.002303340591947811 0.0059774035195951924 0.00977013358361936
-0.002522088610608722 0.015511251540836435 -0.010933444161489114 0.0036107249730882307 0.0007119005883451379 11.047178502995644 0.0016224730293814549 -0.003484685416365485 0.003986628371024481 0.006078708074549244 -0.012495344522886118
0.020254520458229022 -0.005271861626973073 0.0057377571445247355 0.00736550269290448 -0.00048042213493793007 0.0016224730293812328 11.055013213036982 0.0006964207093167474 0.0054957403321451714 -0.007977877000284295 -0.014761481737347966
0.009219258494329918 -0.0035009557274934267 0.015170148986432652 -0.0039797814373701 -0.01827010114608374 -0.003484685416365707 0.0006964207093167474 11.068716279594202 0.0013333428001398584 0.007044658654603797 0.0025078820810614105
0.0033143834010659137 0.008531857667270604 -0.0019431414455730045 -0.020155244574887987 -0.0023033405919477 0.0039866283710245365 0.0054957403321451714 0.0013333428001400804 11.084951000511428 -0.0040831017406940395 -0.0011133887227755546
-0.019734324361779534 0.002067100884192763 0.0009089258818054669 -0.0014665575980439272 0.0059774035195951924 0.006078708074548578 -0.007977877000284517 0.007044658654602909 -0.0040831017406941505 11.064865327222948 0.007200069070199211
-0.0025171580163651577 -0.007321281447347262 0.002381339034303552 -0.016855444732336307 0.009770133583618692 -0.012495344522886118 -0.01476148173734774 0.0025078820810611885 -0.0011133887227756222 0.0072000690701996386 11.033689798366433


11.009999999999996

0.1426074566955571 0.21988820947929272 0.5175996281475418 -0.16753261888580828 0.4452690327036281 0.2493720516780169 0.23451222926797746 0.12272816134518591 0.0614616891242877 0.5025234459743203 0.22027088615468496