1.7241806489816298 -0.8105144664964348 0.8683392118945616 0.9775056357177156 0.08367314434647055 -0.1948216466633692 -0.0016566010913672269 -0.15420055036547575 0.12160662644245446 -1.0878250388288366 0.7238208758830993 0.6422229517563558 -0.4503112843407746 -0.4543841279308577 0.3952657594918114 -0.3741537947891269
2.132202163547725 4.813024299354537 -1.0789998092159045 -1.7529069623803515 0.37711710571315255 0.39504941273168104 -0.0748779596973064 -1.0157366582032166 0.7469585464181808 1.4308710696644784 -0.7320174721345593 -0.7172903639597403 0.15298095821414992 -0.35104614362387665 -0.2441149805254126 -0.4707733603938239
1.2454486956172723 0.5610169070065316 1.8174308734915892 -0.536467091816557 0.20929153089667785 0.3123228851157427 -0.022452569570450276 -1.2004750636023223 0.64348590637894 0.46112579083756744 -0.1939841831531255 0.6388627737491652 -0.44727644198281613 -0.8853082539718607 0.3091991090704307 0.2603966014883493
-0.31931731916316597 -0.19979994014673164 0.2782534147185891 2.9879570991671507 0.5033357646585637 -0.21196562206492953 -0.04147611690482855 -0.1771808314894443 0.1863781737211181 -0.7361534315974438 0.6328788595773056 0.5309918560360147 -0.41084329024934707 -0.5982297907703484 0.16422950477371168 -0.41105799806824983
-0.35159195428859125 -0.39683235958594665 0.22609870498135942 0.7465900509358772 3.1863041080266696 -0.07838463410387608 -0.26718785117495414 -0.9118142996526353 0.3802886212679235 -0.5287414136047346 0.8763138901314913 1.054111628399375 -0.7336893495580354 -0.3935544089314005 0.4982668709497442 -0.4985028888235037
2.212034147549512 2.850766972903036 -0.7909512337852553 -2.513338550532268 0.088978938869961 2.7115042979897916 -0.7590609695534365 -0.1132754505471465 0.7775899901306864 1.0167837265704809 -0.677366485258956 -1.3616850123915678 1.3180985883425005 -0.16624168911619144 -0.5697020334411731 -0.831581927946729
0.1484853011046008 0.07656107267329837 0.09729866567895584 0.7593394167499525 0.6454158118729247 -0.34113235036193634 2.8166174150856085 -0.8880182871285703 0.09040133498598624 -0.727373375222153 0.4558932209040969 0.9070570990536275 -0.9620353209493002 -0.1894846880815369 0.24553170193940566 -0.5884039085434796
0.4948977951316005 1.061146985081808 0.26999848032486096 -0.3659598383319782 0.6302458094896108 -0.016966729051815843 -0.6204217777341328 1.8724040927098549 0.5955544565841657 -0.18507825306442705 0.41685992940334016 -0.2379549331692501 0.14020437585617174 -0.11296658481981575 0.004912872475826502 -1.1213426448902974
1.767907375364072 2.359282806940334 -0.547812958480468 -1.9052699896126697 0.8734967960507098 0.09565404296949043 -1.0723532276192422 -0.6028971319279196 3.430659964016738 1.2330126172439941 -0.06872021629549951 -1.1223426023691494 1.0322886324369425 0.14627099383422784 -0.3509025285745643 -1.3807450985915386
-0.7101460518183176 -0.9851569649344185 0.2526815388811001 1.1321168431253819 0.40375032572550007 -0.25018826719926635 0.13699840767040616 -0.38083951069038446 -0.06149537703876318 1.4819862215624884 0.5057935253321357 1.0900479308557576 -0.8687840536811118 -0.5186887248614807 0.34617340124245977 0.3434127893413243
0.47407023608789134 0.6698189072303319 0.16198697949448854 0.34377905161322686 -0.07294372627415889 -0.3500470144853291 0.6076351009435155 -0.07756968955651507 -0.07537151447162344 -0.029841903410894488 2.123280116196218 -0.20659513264720866 -0.6114384109733338 -0.2837492989725068 -0.25779027937593985 -0.2674147459433586
2.0259043035929465 2.2679525102988936 -0.8843046500895365 -2.2737768112858037 0.41422954779982213 0.5974532066296195 -0.7013218577810395 -0.9818811489631263 1.0155017848608872 1.3694396252964047 -0.7144531477840629 1.3186467366960972 0.8465168612497109 -0.07685891199488724 -0.05394327262701459 -0.4613866935278855
-1.3971607045997256 -1.867516724399466 0.6802638666181151 2.438946124498215 0.585448649587939 -0.525883303588405 0.8567979318906566 -0.4554289827302944 -0.40165198942312563 -1.6953233311412688 0.9395407115244869 1.7625655666335773 0.6488453848278677 -0.5242761280136696 0.5729707565713648 0.02336563974319633
-0.2989609195331022 0.03045502153738955 0.32490611002175074 0.41577672272996935 0.6829348746582355 -0.3089110618423523 -0.3167327597510022 0.03153221426790631 0.12081493890064832 -0.6291055364436282 0.7686533104612505 0.15945054316297425 -0.09655376982121977 2.088625407319026 0.01383834332876388 -0.7957279602008289
-0.3613080395406225 -0.760978245562768 0.26939866770257037 1.4078863014880225 0.6003342026560201 -0.349820440875493 0.6682979184705382 -0.8406964203178606 -0.2389922123991317 -1.2436286818572517 0.6121768517645418 1.5162153926027235 -1.3042376371798268 -0.3257476597411844 2.7656426461251415 -0.28364975590162245
-1.4715038885775504 -1.4226409999664131 1.065242505408063 2.6348383968563915 0.7398493481863123 -0.7791822014641077 0.39134053657995627 -0.13687888835572193 -0.2843220663372783 -1.1827809303722532 1.2925898229179271 1.2452882901909383 -1.6881296587679109 -0.7556571879689566 0.31440077086988216 1.812890688449589


1.6

