2821.293997296739 -206.74006093994547 -16.464283368085674 7.728922786430758 -806.9103100373322 -65.29594937065448 -648.1557326656483 275.2667019059297 1232.2073762797818 -409.77656783384435 -68.05038344728092 -1116.9534728238486 72.6890162865049
-206.74006093994524 3812.880424080926 -419.20595832542335 -1006.6160120747157 3.517464663470264 -339.0590269530797 -1286.44827629073 -100.90127704383531 -325.2958378380238 -62.61932750150146 -139.99055867618037 117.20070310535877 48.60037668142142
-16.464283368085773 -419.20595832542324 2324.002427437962 -61.95565745403603 -152.85482862291303 -545.2784965829582 -80.30857048385985 -714.1769777329347 60.1574780033291 1029.3670789718788 -793.9958140041684 -479.1191186761729 57.36098701178762
7.728922786430701 -1006.6160120747157 -61.95565745403597 2750.2555902516847 210.2766086070131 -99.99760375523785 -364.02029563261294 149.95940275370566 -1032.1253813997732 -466.54030829253526 -155.4005152978503 498.8410880534227 26.32402741338209
-806.9103100373324 3.5174646634701503 -152.8548286229129 210.27660860701326 2634.678986922066 546.5605625045171 694.5858686387572 -341.2105699299184 -473.8470830006912 -585.798547789175 -85.60048696947342 -248.05893566548494 77.18695015818967
-65.29594937065443 -339.0590269530797 -545.2784965829583 -99.99760375523779 546.5605625045172 2806.211334881081 125.67016556909044 160.55956778627288 -27.717025447986913 -777.1739748194136 -93.45997812009486 448.93694587121485 16.211488114808205
-648.1557326656487 -1286.44827629073 -80.30857048385985 -364.02029563261294 694.5858686387571 125.67016556909041 2310.9824369815756 -860.6860480138702 -868.5253953979038 -120.24063622852313 517.6684298912385 -256.60737933221424 76.78729892401456
275.2667019059297 -100.90127704383531 -714.1769777329347 149.95940275370594 -341.21056992991845 160.5595677862727 -860.6860480138702 3683.9238412661653 72.0124434680065 -641.1475315479618 -378.95237551408866 -321.4696347902232 8.8389095955403
1232.2073762797818 -325.2958378380239 60.1574780033291 -1032.125381399773 -473.8470830006911 -27.717025447986998 -868.5253953979038 72.0124434680065 2566.9904237452633 -688.23667854857 -335.6264510143568 -74.4350134068466 11.303670022622104
-409.7765678338445 -62.61932750150149 1029.3670789718788 -466.54030829253526 -585.798547789175 -777.1739748194134 -120.24063622852316 -641.1475315479614 -688.2366785485701 2541.2559745775993 -54.189052691107904 -786.5448851937532 59.644786346717005
-68.05038344728092 -139.99055867618054 -793.9958140041682 -155.40051529785006 -85.60048696947337 -93.45997812009496 517.6684298912385 -378.9523755140887 -335.626451014357 -54.18905269110793 3419.4135321394297 -523.924486057231 55.88437742053964
-1116.9534728238489 117.20070310535877 -479.1191186761728 498.84108805342265 -248.05893566548497 448.93694587121473 -256.6073793322143 -321.4696347902232 -74.43501340684648 -786.5448851937532 -523.924486057231 2834.1110304195145 42.94180309857919
0.492733925432699 39.02746427497744 6.1857733359560045 46.070338209723666 0.23851502644553552 13.059127693473602 57.503076425782986 20.00693369751331 52.99915750614196 36.28736126330219 6.274106256446524 9.58281674444380

0.492776 39.032452 6.186559 46.076225 0.238526 13.060793 57.510418 20.009485 53.005917 36.291977 6.274901 9.584023 