69.5515640272356 4.433017541614004 41.84552917062669 30.26726373040358 68.77173798330372 10.285097900294115 14.723240129440395 97.58135593103019 58.791187931381636 49.16788928338883 99.07785811505521 41.572504656014544 22.87032355135222 91.69683471057465 64.83783379424256 92.9124642556732 63.49721939948822 95.09450249585039 41.59663197213025 33.10958462876854 48.460968925881296 18.453583815211783 89.00276282060383 63.85557266971843 82.27812599813643
78.31682629187281 22.2534666679599 99.69737470589355 22.383066210006884 4.8855456156690185 43.576820845877215 72.27969738017484 98.03835887688352 45.87508686487261 15.64597697882979 18.05322302567951 46.22813719152427 47.73525212647516 33.27570049058023 7.975106514084363 81.6963144040029 76.56948327304337 92.26895415158803 81.49252121458265 39.20329081077867 69.8164621502905 47.01895434161355 50.9590859907893 43.62290315686289 23.161426976001565
51.668209476778514 91.40009622524475 92.0302928391002 7.856157118397866 45.280072739885824 67.01621740761917 29.90019679009287 81.54726744280275 50.34108312928795 85.31226955235428 82.62719778723122 63.46669707030068 15.135831541122391 35.06057805494659 44.187064041545355 27.620973382139237 51.751535623112154 37.552306772800115 80.75774987036769 91.85894275600135 8.094599994960127 96.33854555144406 62.74312678593705 56.469350947442685 27.2349215375042
79.13223562700867 52.1363266559317 50.74977386325445 41.13344940144764 54.97302085989946 85.47236491106288 63.50282739164227 48.876665270190934 15.238056321726368 94.95135497611375 24.97683950018721 7.612457454861666 99.66803295427013 63.703077209008455 45.80519671165047 8.238833722528604 96.01633317005897 40.09358492508133 35.77859810439635 95.81183250120151 48.86474908863531 48.79326485011249 96.14291324930481 86.5173603665637 60.06540559003833
56.38385578991243 88.0526734066835 47.06319833356402 70.80596803827844 25.123221628072688 86.31602345463268 0.8687018549639602 75.69352057964035 13.614713863093886 49.215608826255654 73.34123637459052 88.33575967029657 24.819765585484987 92.54776106450082 28.939385801725326 39.030913544954274 21.754970572908515 63.59477992506012 90.82300638556045 51.336934454722794 17.816595671548097 51.93907484702833 46.350373211200335 2.363857933785185 26.259594335362934
42.93048339427328 67.90464682209645 74.95023906672057 88.97898529335822 15.221161412012329 84.4163351164004 68.95718333898985 43.02205848933841 44.01456802698559 59.0582949341464 51.21528316180656 35.84173376674905 49.84268799914755 78.2796162176641 28.952639002530546 70.10701003224823 50.67512948401918 24.36282602720271 95.30412548765452 26.864398359810593 86.06514374347911 19.877032040428656 56.37305577896837 41.47560865637971 1.2768606781390357
91.51792860120273 82.77252424184385 77.82567186037446 38.29689900149443 14.3703699520077 87.83477033168656 74.1097425677786 53.487477253278406 38.63305238860145 2.2084779189452175 76.83343430878709 71.07317505313692 65.29520047057147 17.24097360062928 32.19828286257715 50.64745744137388 4.857009295339942 38.16206259587743 70.31926104704306 78.11429200744239 35.39222212904216 37.5752549548959 80.92457714418164 82.80347723003122 28.985715342540196
36.46757267502285 24.116212169838114 75.00224970655283 0.2140890298621856 83.1858022600354 40.55817860989793 72.38395850556181 89.40642460579868 46.90938584898555 91.4659412839003 45.098376239170015 89.1398384940537 27.02863903332855 67.37383281302253 5.60530297715629 51.3277437631701 41.33789445120387 92.85012820940608 2.718307768864392 41.636811330492904 25.498118785433533 45.24617769082093 55.27579117471415 85.40715855905616 45.64513793746985
7.520031368264412 62.82490691053258 76.60572478953323 12.430865403454128 55.005749455200245 11.192616153259227 27.94723136440943 19.414392010331895 74.31708387694277 72.63965256177208 9.504398567644968 8.876708143019163 8.621535503844846 65.19663773305075 24.0102681552946 53.36275750805618 58.304806440733415 63.70018693671889 50.667509674785514 85.82810002262121 18.56150401193316 97.94365727340302 84.79494519711747 28.863287380947998 11.76085298516738
90.94053623023107 62.17834652936348 47.24297247446923 51.039659408358226 91.82554034779423 17.069307361616602 84.5874146359102 25.263805765547996 85.14967671347749 17.302679534072396 97.28121143985359 6.694238229921334 24.66247860876386 24.71767210882554 36.56113675133825 64.74738873568046 74.13191204897477 7.3455670059159655 5.977045694540228 59.12422993881889 72.60053065449192 82.1206257848248 87.49165953085168 45.47966988018389 89.41380415753164
68.56198263263752 27.706170107566297 13.894980022357617 94.05655130725356 87.04161378553377 93.68379407443803 44.132448591337514 32.02956546366853 9.122394275380108 47.91389338080103 17.34698438307739 15.998671586656265 44.760564967911364 61.488552968671414 86.36602648533606 4.035821110802695 14.0241594657872 7.331812763907363 31.951498075719943 10.648432587079881 18.168273908986066 28.049568202515264 10.047886268121953 55.09352062289854 28.77074642020856
31.932170540815598 71.60510944591128 0.6172263652867049 85.04626297565498 25.84191474929114 90.42444551563125 91.94068111506985 29.282898226098308 36.63735271301305 47.71118625157443 74.14090830996314 51.66019620838429 94.63024788379583 12.8601026452402 42.095707386416926 74.62373284904908 25.185491049515473 97.7473987666047 49.916252728385544 66.02208742588917 94.39491201166906 4.139292654892024 13.889279876448013 58.0394911013989 82.53778947026102
84.28259623395525 44.88886881064628 0.1299443422387525 70.5296015503011 97.39268279901805 19.56568221405416 47.211290255601746 25.703657935755032 32.29279764655744 24.5767385681975 54.06014822344939 89.57895393648127 50.52086934613409 59.06471702965087 2.966813588327044 37.07737519252152 13.358638903430887 93.51394037291321 95.21528865438317 1.1358537691927073 41.700620560279674 23.111773648652168 19.064314065285348 70.57409609746982 2.4279166180581457
7.827584133555487 62.250113608507604 85.41506768931065 90.78519970533556 83.62752039525874 49.52308435884163 46.73726878405912 48.65309467184784 54.05435793406704 27.152726453631836 20.872502339138133 8.121835387044229 80.76351850622402 57.334837956711006 90.19758057373207 20.562269796794798 51.00535265648082 9.625403149463818 18.270022338025516 6.241051920196106 43.48559355086561 43.23962892618989 89.12975102276535 42.539184577636306 37.95698239729812
77.06558700899791 9.374280181594818 15.00797301220751 28.278625117803667 29.585246406959065 95.25721504761042 12.958328656081564 65.49108969852995 40.6509711761565 34.37549337957253 10.016483065697058 57.80404117282403 96.04023429542352 61.34856520786238 59.64507495638234 29.69438853243418 40.65837973412495 72.07045042726537 38.390058987615014 32.957355257375006 36.492579077803754 75.13556635037007 74.00445787203272 15.051267848639327 61.14024602681061
71.54591969832073 5.934548781970395 48.63973157793203 64.36543418501226 48.468847828490134 71.44238615556407 5.901111379764757 23.27636923604238 82.11944629990313 71.57540957328166 39.5256973228565 83.02654478870993 32.38449755904051 85.60055151134165 73.05979193714705 65.73804922084707 50.948412796975504 68.4897300397187 91.84835142175675 82.40302811566035 66.35092364367576 98.15814229812108 57.75783166948615 69.18674751108365 40.03978435068672
28.345007472220573 64.04081248081816 2.267545958340833 73.02464255483564 47.596296687037686 96.25701801876788 31.289542894048218 2.5715049977546145 55.595102914281014 65.61902979104407 38.06031339773759 17.226303709957847 29.147683577425642 93.38591672017795 88.96742160044913 39.23866678187354 80.81792235903018 94.41863940783463 60.85920355788325 15.924518377544238 16.54044381423524 16.765733461601062 62.95921383704059 31.36558014987131 5.442282903883211
68.68283380389845 62.5409797882844 43.56555215736636 56.576224827322996 81.1506571250723 31.11952820990559 8.192950259176602 13.076263543355616 85.1186291512519 64.9321841678868 25.872748466530883 15.755716895907279 56.659610783170656 92.085583522709 54.10452206376761 44.036358252777795 22.58138245974195 9.438479886779083 36.88649601029811 28.89272413471978 2.3430601600230805 74.35731566408296 28.813694075052275 65.356425482117 21.444279648008234
53.58068111469634 51.575756173615886 92.97445941400089 61.27660576145573 33.767476359683926 34.22009737778979 40.069882362678854 1.6635014449636776 65.38361653697802 59.04517424365675 21.884627211434783 58.7327542737604 30.224966201201553 29.06783569200523 34.53322596861689 23.226848632479946 96.64018381966568 79.43368991419813 16.927647722762472 1.0026500552530626 7.848341569274564 26.18301772289511 0.7433382776714459 89.11502361597557 95.86910797444507
46.41429706904897 2.3457760284363305 63.834965395311826 11.028177794547434 48.09863137432166 92.66297518634762 28.17499529912836 84.95942168802219 82.85238618291349 73.5255494647139 92.111021414505 64.72462401476228 70.28332144551112 77.03913970249029 46.581161018055504 60.742594617473955 46.166486628060156 73.87037327203919 78.72382516313733 98.07669483314302 56.05479103965506 69.84383222323724 40.72286906125196 40.36021114869549 7.3058026417361805
3.243622545233593 46.7802857542889 34.198919596960245 11.13487727209197 13.444462321862105 22.133315353085624 35.30433042873392 47.05412194308431 50.22242987358532 64.65474497637351 48.033313372238794 19.58728218436432 99.12893169631045 3.6297162380500403 75.77577622509965 90.06348863801077 61.553504949217405 45.896967301370836 94.21909080108209 0.9429969486848488 70.57506968315222 34.902559226726716 37.16581056525345 21.004860475632658 72.52102344166227
2.3580350813758644 16.186364995918932 95.87024370708185 11.84912209713913 26.63518887507109 64.70557014323188 9.12258582632106 65.76392091876069 14.401459505669411 33.774908693785456 54.018479866102034 99.39754575900272 14.947946612444829 39.63972873763404 30.86411268557295 53.31358481040196 96.88632438093613 70.9931496747232 98.54248110512309 0.9824053028973045 34.65926310630974 98.65442406655944 64.29607654536767 50.70111757297548 76.75658723553454
72.95264052998023 15.737993428618434 3.1353941694093 24.712830358932624 42.36843124580476 24.422550624975216 13.253733881199315 83.8934789347771 80.6246654727059 93.76870214098201 84.38850570264603 49.05601421095609 57.11491776185906 86.97298908655667 90.2940535157054 6.2766685910908055 66.65037759260352 76.72917423054872 86.68580847974764 83.36156830272638 29.099427020635193 4.795451131700512 74.07017214898293 35.264446538181616 35.329200376718475
47.054486901907076 47.65745085238772 85.33553316041538 63.41539271702096 87.20702123724958 59.97905867549993 39.2027729823109 30.353859151543283 27.129514836881473 61.759420705431204 83.22510746573133 4.183792889791993 23.511009734565103 21.490628017006365 97.089867733974 63.71005753671986 98.25980796468772 95.06685357697138 73.58240256296291 40.804307915195515 69.48376001142101 19.99626034147356 12.723106760208324 97.2675706950887 88.58947579906989
0.46788014748319673 -0.4733240964641469 0.7661352440269015 0.20683021874642343 -2.277953580368174 -1.8235003118610453 1.6262286762466878 -0.9859085598390519 -1.8776830820851436 0.5704186292280821 2.103596318599916 -0.5938428691780425 0.6619742209593465 1.2765491550084576 1.59536459899075 -1.1921994640594402 -0.9439914763348828 1.448199129514004 -1.0760161276471483 -1.0138456343143811 0.410051233764123 2.4947312694220045 -0.40378129913570676 0.086455122392460

0.467881 -0.473323 0.766135 0.206829 -2.277955 -1.823501 1.626229 -0.985909 -1.877684 0.570419 2.103597 -0.593844 0.661973 1.276550 1.595366 -1.192202 -0.943994 1.448201 -1.076016 -1.013848 0.410054 2.494733 -0.403782 0.086456 