2367.289203209747 72.48412867227202 289.30122368757 -158.74444680291376 217.6806810308807 12.243090072267478 -167.85539920858182 -220.61449546387826 384.42247826421067 -567.092509757485 -571.6843200423821 -151.1574171295012 353.4985402546537 238.30253965143254 -274.34105604818495 547.1807195275505 -190.98439184582114 185.9328262575331 -653.721670687421 -151.72449039603742 -116.39312654211864 -336.510241431082 45.85420906986871
72.48412867227196 2003.7345949633072 -217.28122618327754 -189.27698011406002 312.79685751929793 -82.68827567022362 -53.95639006365167 -217.56441170877588 148.87416817829424 622.7065401204642 -748.3952982358816 49.924077745940174 -88.76728302664169 -49.96452372663308 36.36693477377228 164.39966185270237 -390.76836161460756 -130.14325519223053 193.4218513483933 -752.9741868222081 -405.61384902265286 16.725196370829664 71.35976978219072
289.3012236875699 -217.2812261832775 2460.323486447732 -69.44188673120523 -641.550753756122 335.34719593438194 -112.70498950150574 -461.24818268520585 -441.8635164094425 382.8219071656511 -321.313185842457 274.3432090692762 -185.22629945790263 152.62980264748086 -106.73340963253499 54.36241466696197 -100.67134950531234 -322.5141400479338 -36.13612196650149 -128.0560393442289 -495.94697938932063 -215.22414830769142 64.50630806205821
-158.74444680291379 -189.27698011406 -69.44188673120526 2143.707935306431 214.60351892080382 43.29387487891785 307.32205786884856 -140.8732034173562 30.42686715480135 -90.16928436348287 149.85305601394177 -148.973126189725 -1.9094945920777775 94.15041056870471 -549.2193419776202 -229.33184213071468 273.09389424496817 -259.978376120349 -666.0478956558748 -43.97230021160856 -209.56951032797704 -317.106037096654 67.7744202315494
217.68068103088066 312.79685751929793 -641.550753756122 214.60351892080394 2932.1871494660654 23.9042702568818 -91.45760074039678 77.27070522396475 -201.43421093407704 90.26623800618101 -727.332364566903 -383.85597412673013 -762.3112164445193 -104.53870862374674 148.32525082623883 -162.0887118067749 278.92701624134094 -334.5714964215872 -455.06970255416553 276.07590292233203 129.56586973965972 -193.51916464279202 5.208606964171669
12.243090072267506 -82.68827567022365 335.347195934382 43.29387487891786 23.904270256881844 2486.42609368441 -163.36176129708304 170.01266850391198 -298.80379741901896 -378.8725848980605 -288.5357278590943 -27.436358104617526 204.3684735087468 -402.9326817565726 480.92662425983457 -456.7503388202405 -101.75622714206807 154.18336640873738 101.79600552248561 -56.659958207993704 -420.27909622495315 -338.29995881209186 58.099332157710094
-167.8553992085818 -53.95639006365167 -112.70498950150562 307.32205786884845 -91.45760074039671 -163.3617612970831 2136.0589338466393 -152.1603806284199 -11.89120924060255 18.061784641520447 -423.7993957029689 -188.42729103637987 172.13844126917354 -626.470624163029 -284.26791433481935 46.719217413359786 -283.1719288225624 335.2489010967281 -721.2049526664364 194.20491527585 -322.3388038049881 418.51121399312956 6.138929561036399
-220.61449546387826 -217.56441170877588 -461.24818268520585 -140.8732034173562 77.2707052239647 170.01266850391204 -152.16038062841997 2072.4498071069247 -134.80603729572232 -329.04844303253935 -291.31803653773744 602.735353599802 2.6660993925589196 -23.973619449080772 -104.49984033495622 -478.40195934015304 -84.23463627230132 -8.946652486413242 475.6877387042384 -165.02501591982215 -140.75225455500913 -200.1788002209064 89.55829147679488
384.42247826421067 148.87416817829424 -441.8635164094425 30.426867154801357 -201.434210934077 -298.80379741901896 -11.891209240602493 -134.80603729572232 2265.004518197846 25.747326008083505 -261.7683042250205 -472.4309182611431 -19.929711769144717 482.3767366137803 -122.5760511923555 -294.8303843114797 -218.70322502629182 -380.9445586771802 -209.63227058026754 51.9245659598688 -8.838319380993255 -290.72791821104886 85.2168576112403
-567.0925097574852 622.7065401204642 382.8219071656511 -90.169284363483 90.266238006181 -378.87258489806055 18.061784641520504 -329.04844303253935 25.747326008083505 2081.0047303826095 -367.28802506261985 65.2565364425869 -282.901673494679 -489.609779110783 209.92855112548153 282.3438506308276 -323.29810573238797 -469.93603041339696 203.31575709151014 17.518471121111773 -381.41186235921845 -247.65176697534935 71.77001935277835
-571.6843200423822 -748.3952982358816 -321.313185842457 149.85305601394177 -727.332364566903 -288.5357278590943 -423.7993957029688 -291.3180365377373 -261.76830422502036 -367.28802506261985 2423.5622967300183 -77.07701329125132 421.22758662871234 -126.76235682869174 -142.27799111717934 207.69150919102148 -138.95080839970962 513.3357123215488 139.23877098635236 213.27035205876834 -14.233964330619195 -114.91802884397141 63.12810438291482
-151.15741712950117 49.92407774594007 274.3432090692762 -148.97312618972506 -383.85597412673013 -27.436358104617376 -188.42729103637998 602.735353599802 -472.43091826114306 65.25653644258684 -77.07701329125149 2310.2970025671257 -275.2916065829868 -212.4720839081223 -465.5228635754105 -322.28541037804564 -71.15776702074248 106.82337731159406 -206.0536994296436 62.39619109167856 217.71628486116938 128.5804610534247 68.0820343388921
353.4985402546537 -88.76728302664169 -185.2262994579026 -1.9094945920777207 -762.3112164445193 204.36847350874686 172.13844126917357 2.666099392558806 -19.929711769144717 -282.901673494679 421.22758662871234 -275.29160658298684 2482.4773659182288 -145.18112267928313 690.3786700178516 -16.30499390413692 -611.0749092352972 -207.45922275360732 -819.1830210301633 -253.8176718774796 -4.308348743923148 -531.8490739930048 9.16976823961858
238.30253965143254 -49.964523726633054 152.62980264748091 94.15041056870463 -104.53870862374681 -402.9326817565726 -626.470624163029 -23.973619449080786 482.3767366137803 -489.609779110783 -126.76235682869168 -212.47208390812227 -145.18112267928313 2254.3907199596224 158.4450456084757 -262.72456419430347 -48.280153406310916 281.4012735515835 -114.97738748924121 -419.4572922943526 -407.12729344370166 -555.3396017143564 96.27638434189826
-274.34105604818495 36.366934773772286 -106.73340963253497 -549.2193419776202 148.32525082623883 480.92662425983434 -284.26791433481935 -104.49984033495622 -122.5760511923555 209.9285511254816 -142.2779911171793 -465.5228635754105 690.3786700178516 158.44504560847568 2734.735066741308 -23.003237833178517 -126.28972968531103 -401.65813440356044 -214.6216109794226 -51.87074917757937 -330.56317912131584 44.51847269309212 90.83503453363505
547.1807195275507 164.39966185270225 54.362414666961996 -229.33184213071468 -162.08871180677488 -456.7503388202406 46.71921741335973 -478.40195934015287 -294.8303843114797 282.3438506308276 207.6915091910215 -322.2854103780455 -16.30499390413698 -262.7245641943035 -23.003237833178645 2248.8265110630687 -41.07574100690675 -337.8890101251965 245.60060546758453 -676.537803734084 -106.51652427100717 -133.66912883412164 42.58500837381647
-190.98439184582108 -390.76836161460767 -100.67134950531239 273.09389424496806 278.92701624134094 -101.75622714206806 -283.1719288225624 -84.23463627230132 -218.70322502629176 -323.29810573238797 -138.95080839970962 -71.15776702074254 -611.0749092352972 -48.280153406310944 -126.28972968531095 -41.07574100690675 2446.24923302095 -28.636678767045538 515.696936539192 -108.2411053116673 -172.39489216144815 -398.8998081035311 83.97866448530907
185.9328262575331 -130.14325519223047 -322.5141400479338 -259.9783761203489 -334.57149642158714 154.18336640873744 335.2489010967283 -8.946652486413242 -380.94455867718034 -469.93603041339696 513.3357123215488 106.8233773115941 -207.45922275360724 281.4012735515835 -401.65813440356044 -337.8890101251964 -28.636678767045467 2282.27176914376 -93.57560413768806 -725.3153307431141 -329.4805349872412 -179.74191364789021 92.12445156556063
-653.721670687421 193.4218513483933 -36.13612196650149 -666.0478956558748 -455.06970255416553 101.79600552248561 -721.2049526664364 475.6877387042383 -209.63227058026754 203.31575709151014 139.23877098635236 -206.05369942964342 -819.1830210301633 -114.97738748924121 -214.62161097942254 245.6006054675845 515.696936539192 -93.57560413768806 2681.5505134691957 89.8581349949693 -41.209202640640456 -106.80709605608769 10.364807564410361
-151.72449039603742 -752.9741868222083 -128.05603934422885 -43.97230021160856 276.0759029223319 -56.65995820799362 194.20491527585 -165.0250159198222 51.9245659598688 17.518471121111773 213.27035205876834 62.3961910916785 -253.81767187747954 -419.4572922943525 -51.87074917757923 -676.5378037340842 -108.2411053116673 -725.3153307431144 89.85813499496936 2624.766968089716 100.34956495822219 65.61702022223022 33.99618188610647
-116.39312654211858 -405.61384902265286 -495.9469793893205 -209.56951032797704 129.56586973965966 -420.27909622495315 -322.3388038049882 -140.75225455500913 -8.838319380993255 -381.41186235921856 -14.233964330619195 217.71628486116936 -4.308348743923034 -407.12729344370166 -330.56317912131584 -106.5165242710072 -172.39489216144815 -329.4805349872412 -41.20920264064051 100.3495649582223 2187.649586008809 277.74747277892715 68.65580907337915
-336.5102414310821 16.72519637082955 -215.22414830769134 -317.106037096654 -193.51916464279196 -338.29995881209175 418.51121399312945 -200.17880022090623 -290.7279182110488 -247.65176697534912 -114.91802884397141 128.58046105342459 -531.8490739930047 -555.3396017143563 44.518472693092065 -133.66912883412164 -398.8998081035311 -179.74191364789027 -106.80709605608769 65.61702022223022 277.74747277892703 2636.036514676484 32.67645423319464
3.791629744964374 69.17143706831605 68.20867779305713 33.527003098092486 35.20896954676496 46.334453202142 26.94989315474866 75.32421069413556 49.69112804910504 56.27912215934423 45.993922657659006 2.8217751677332363 58.81395067730198 64.96867847901603 11.716369574353147 67.55482424100032 65.12028574601469 74.67228026865047 7.8008541479555085 70.91259252015792 79.53598969487302 66.1652626976273

3.791709 69.172699 68.209923 33.527588 35.209621 46.335342 26.950438 75.325623 49.692043 56.280182 45.994797 2.821838 58.815014 64.969910 11.716584 67.556084 65.121506 74.673653 7.800990 70.913879 79.537460 66.166466 