355.3733026075858 -23.1947434249827 119.9268797451282 -61.78041508134889 66.47448138339185 -31.280717775912592 -24.138328332560967 -19.286762197724492 -89.65817388363749 -50.45439273868927 -38.67368786790826 -158.09647940428331 -26.812676723005456 65.4683984547387
-23.194743424982704 222.95340547173944 -67.37581725459111 53.220528551699836 -57.95789352224804 34.235267130248324 34.84179181008443 -74.04320818672088 52.57879282891499 -1.735850325916188 -91.1795237091753 -75.72722256548076 -67.69142573664311 34.45092119541643
119.92687974512822 -67.37581725459111 311.6863609047821 39.32050695415444 -105.04814365020786 -51.528940638527715 7.854095872969726 -69.96534124332763 -12.204050698455246 -44.693667573260285 -147.12563833164663 -21.09572137026944 37.23641148526176 21.634369883423275
-61.78041508134889 53.220528551699815 39.320506954154425 288.33367735395785 -62.10456596875362 15.596490070870185 46.02560318630896 -3.485959327942151 -14.600965394480905 -44.143732148574216 -57.098431732356396 -54.447460523812865 23.68506884162375 10.123225388152301
66.47448138339185 -57.957893522248035 -105.04814365020786 -62.10456596875362 533.6526717413662 -82.34982236265009 -55.7639850570315 -42.84742117420548 -9.721114991804882 -56.74166586185258 -80.98762896606955 39.20606807487904 57.5776327855562 96.99263775989142
-31.280717775912578 34.235267130248324 -51.528940638527715 15.596490070870171 -82.34982236265009 360.3716215783088 34.102055360534884 -120.5176622762438 -73.90135724083225 -22.401274699750942 56.970050513637176 42.34370699736954 -44.4456018927158 52.906643594793536
-24.138328332560963 34.84179181008442 7.854095872969726 46.02560318630897 -55.7639850570315 34.10205536053487 365.4870627946092 5.094568412260813 -81.53332430432026 -20.576449437777793 28.817759134669117 -70.48298773066924 -137.23712496739515 45.90683516647774
-19.286762197724478 -74.04320818672088 -69.96534124332763 -3.485959327942137 -42.84742117420545 -120.5176622762438 5.094568412260827 486.46228774971974 98.99346368883639 -11.248189249635516 -32.260220954372585 6.0219651203637525 -77.98867075897292 12.812993264966687
-89.65817388363749 52.57879282891501 -12.204050698455253 -14.600965394480898 -9.721114991804882 -73.90135724083228 -81.53332430432025 98.9934636888364 382.0505684194509 -31.50991926525119 -139.56370877749566 35.140084920601524 39.987365323204415 84.59701607545239
-50.45439273868928 -1.735850325916188 -44.69366757326028 -44.143732148574216 -56.74166586185258 -22.401274699750942 -20.576449437777793 -11.248189249635518 -31.509919265251195 319.89368424867877 -18.805302708793242 1.2063450784937029 -71.67398078291535 79.0526964298757
-38.67368786790826 -91.1795237091753 -147.12563833164666 -57.098431732356424 -80.98762896606955 56.970050513637176 28.817759134669146 -32.260220954372556 -139.56370877749566 -18.805302708793246 411.9549563904333 -82.2944908680557 7.789140331334266 77.71898758873876
-158.09647940428334 -75.72722256548077 -21.095721370269455 -54.447460523812865 39.20606807487904 42.34370699736952 -70.48298773066924 6.02196512036376 35.14008492060154 1.2063450784936887 -82.29449086805569 477.69248029730204 -84.15056090706065 5.833519394099918
-26.81267672300547 -67.69142573664311 37.23641148526177 23.68506884162374 57.57763278555617 -44.4456018927158 -137.23712496739512 -77.98867075897289 39.9873653232044 -71.67398078291534 7.789140331334266 -84.15056090706064 365.5879204420654 23.353007781143177
9.495389558667501 73.24899305028198 62.93942948182559 4.803002522469237 33.09468319347735 15.310248917069531 9.183786047073324 33.3975701045432 9.61465105800243 30.071175343170655 56.61432240077865 28.3248492216003 24.97965515956119

9.495608 73.250443 62.940639 4.803115 33.095322 15.310554 9.183976 33.398228 9.614843 30.071777 56.615444 28.325430 24.980169 