5667.82569340217 -98.38031229334865 -252.03938381775913 -145.88965541174227 438.49605589103635 -259.5736824154584 -611.0934656217769 -998.7937655746437 -667.4403925863049 952.2662579910783 -670.9095429752482 -1313.8465159834388 52.71492000901979
-98.38031229334842 3125.2163041160597 180.27137350334704 203.66009749593272 -1486.3926265623359 815.3357107944497 -50.59133150492124 -237.78400402960438 -4.725752774291777 351.9629858429912 -1409.898212862215 -463.59448768264895 80.91243757024917
-252.03938381775913 180.27137350334704 3725.0818525317673 -53.11693528772627 -160.9248927702614 -1055.6813093799756 -302.9557199552991 -685.1241322460352 -282.1396774059381 -918.5186110898707 -853.3433174068302 -552.5738634611321 20.20786561781811
-145.8896554117425 203.66009749593272 -53.11693528772621 3875.2946124876785 -73.46250875449034 -1288.8408601677575 589.5209909950458 408.6426334028825 -400.00670897297664 615.6520574645461 -394.85573234863614 -776.8054773800128 55.35637349072482
438.4960558910361 -1486.3926265623359 -160.92489277026118 -73.46250875449034 5704.365207487095 -1259.9087038366433 -1339.998721218234 -1314.7964423995609 -477.465203942726 -294.1394379165022 -1077.4582220131297 236.77345330410827 47.681922287526554
-259.57368241545817 815.3357107944496 -1055.6813093799756 -1288.8408601677577 -1259.9087038366433 4521.695789999161 -1687.5051246387036 518.8049864172904 -542.116190620685 -478.5283134534066 702.8241156600842 867.8623419470028 94.76227214811549
-611.0934656217769 -50.59133150492123 -302.955719955299 589.5209909950458 -1339.9987212182336 -1687.5051246387031 5005.47363729283 -1230.2489529090255 -538.4367872481827 -503.7369523271579 457.4394185364873 588.1676745818021 70.04842341962761
-998.7937655746438 -237.7840040296045 -685.1241322460352 408.64263340288267 -1314.7964423995604 518.8049864172908 -1230.2489529090255 5890.880460989178 -1988.6622069451973 113.68206214935671 -510.1943218965532 -872.3430067055828 63.566508317876334
-667.4403925863047 -4.7257527742917205 -282.13967740593824 -400.00670897297664 -477.465203942726 -542.1161906206851 -538.4367872481826 -1988.6622069451978 5144.661646197247 131.52593712301783 -395.0095343091569 636.1467244205812 31.8835388175034
952.2662579910783 351.96298584299126 -918.5186110898707 615.6520574645461 -294.1394379165022 -478.5283134534066 -503.7369523271578 113.68206214935665 131.5259371230177 2889.2705578684922 -167.16943975958935 -1110.9973081779137 7.093869981605227
-670.909542975248 -1409.898212862215 -853.3433174068307 -394.8557323486362 -1077.4582220131297 702.8241156600841 457.43941853648755 -510.1943218965529 -395.0095343091569 -167.1694397595893 3588.0491786621697 -346.678009054989 39.89531517301964
-1313.8465159834386 -463.59448768264895 -552.5738634611322 -776.805477380013 236.77345330410827 867.8623419470028 588.1676745818021 -872.3430067055829 636.1467244205812 -1110.9973081779135 -346.678009054989 3368.1850589661467 79.54380538887709
33.99493368378402 62.03443123921915 57.072331840366935 9.876508806993746 62.02038381409745 22.371782629681636 42.79843064683949 61.96740522201737 44.69944284275896 30.29894470008353 73.29601560421102 41.01075850537391

34.002022 62.047344 57.084213 9.878568 62.033306 22.376436 42.807335 61.980324 44.708775 30.305246 73.311279 41.019299 