1633.621271840591 -107.51483250382726 313.17528686820845 176.3749199323641 170.58505441926403 99.83210736307551 114.99182207400726 137.17426498517676 -199.52514676690487 -145.9466775533361 -69.31876759543185 -297.38813903216356 -67.99873399090384 -311.8600923418338 -115.99062232216183 -433.120895071827 -195.25895049706838 -292.9354847296816 149.16590240153255 -266.505925545373 9.127486784527683 -87.1469622478636 404.13632257021044 -543.3188144919025 311.8396497215274 -75.25955858556321 -108.79061725543619 30.919313819222104
-107.51483250382728 1999.0483239944465 -116.5168481053735 24.97125255293459 225.7747859379511 69.63324203688148 -103.27917011659734 -400.7417418272142 -98.45793164227936 8.14125429704547 -302.31238221401577 -201.45169444358734 -349.0260495618837 483.51025473974676 -158.26921926745285 138.11717901623302 133.58896194516916 -169.19119221205904 320.80823125612517 -335.3271884333278 -160.21375950700312 251.5251573910443 -290.17768676901505 -99.94504987929578 526.9711707081369 -77.74800615340034 -394.8880618034433 37.306236722416664
313.17528686820856 -116.51684810537347 2366.1833924041857 -248.55355150214174 115.27145227499815 -474.677131604036 -269.17382209414814 -301.5853849307473 -338.91780130869756 151.92105446790333 -223.68029676750234 -201.5303484803257 94.63997021795393 -160.4180692151453 171.77897465830767 162.12523467377946 -234.7181450027988 -101.29134513730966 -228.9486792140455 -45.619589018837814 -335.50200589223925 -53.51091878039324 -216.716600239905 -26.86098145783916 592.1669024555365 260.0055709266497 245.69199127100603 94.06862634834178
176.3749199323641 24.971252552934562 -248.55355150214177 1704.9465539778794 -277.0991068219804 167.16806865385055 -193.59948350047267 231.3398726639781 -388.41416261587705 283.0747439522783 -99.67053172463147 -81.51959797530937 70.49661164268271 -358.0329297401809 -167.87314864963454 108.96901131578076 52.48639704019598 348.9649757772444 -93.47493730729957 -393.1793608147991 20.276604580713368 398.7516911313176 -398.5395771854269 -324.8435659491679 -122.01269495000304 -364.2691443083193 -80.42268544875054 27.33407790170157
170.58505441926403 225.7747859379511 115.27145227499815 -277.09910682198046 2024.8972564292105 -398.79674362117186 20.452002839974217 -111.86177811073605 -241.45260400111198 -42.19633680564422 -161.12221277517378 -196.80061173563158 -255.35375494466533 -296.6969410712819 362.4413229718022 -270.2681168078221 -174.92623549984583 103.88487410699884 -114.54540059364734 43.75780070852775 -17.604092105814324 -287.2248716094509 108.23405329189404 253.50566881153395 -469.01241127547786 -448.26853132253257 152.29325622292467 17.441699275533374
99.83210736307558 69.63324203688148 -474.677131604036 167.1680686538506 -398.79674362117186 2227.084133797456 -167.52098416655815 -103.6567866633724 -226.0684790216738 -399.88645759658027 -106.10786497146424 -87.31446118131532 159.62263081328132 -299.0027747879002 -44.01755312340856 -481.48514835328035 636.1079503084187 -142.53991631256088 394.8140623400858 -43.868735235524525 -142.20209807491284 -131.82975066007802 -91.8183074589657 51.80129469163626 -85.71196142787394 -314.2720994501873 -120.49398797932284 57.132382889776714
114.99182207400723 -103.27917011659734 -269.17382209414814 -193.59948350047273 20.452002839974217 -167.52098416655812 2320.3905005495362 242.33945596508767 -74.72551402476194 -223.10703118341195 4.242004143140463 53.70308148974041 -449.1134129280557 -20.833104177300584 -379.8854995300012 21.501165947448257 -258.2473066478525 -167.85545665369582 -47.14555016859933 -149.25363978558732 -67.39770399384477 -495.0466997523216 354.37724200853575 -4.522327657835461 -224.39062980266866 -26.62577917986698 -154.59007883020925 17.31172971900857
137.17426498517676 -400.7417418272142 -301.5853849307474 231.3398726639781 -111.86177811073608 -103.65678666337246 242.3394559650877 2217.0089418328835 -37.39592071688472 1.1664552524177623 39.593405954164325 71.18794411797687 -387.60324436411094 -100.04384573789002 -561.5276036349799 131.30290449892212 51.32213735158385 -32.68293407720478 -428.0476687654965 -53.333946649720616 249.70133358702662 -280.95724209112984 -51.53568728047907 -98.91644938302953 -377.25327750674984 28.202932587185444 213.8379117216394 72.10902551091685
-199.52514676690487 -98.45793164227938 -338.91780130869756 -388.41416261587705 -241.452604001112 -226.06847902167368 -74.72551402476182 -37.3959207168848 2667.5818472686774 -350.2673913568058 -234.41665317176847 211.7763335597033 -338.5464012441395 -222.62593421369542 158.00014979883392 -172.29687931492134 -72.5878790073223 148.5090457381737 154.1983159512066 84.40316172624239 -259.91076636348413 296.28120380108305 51.13450738363678 -221.5702654925337 -420.7821227668477 119.25231072100134 -101.15203132951343 9.249527823082415
-145.94667755333606 8.141254297045442 151.92105446790333 283.07474395227837 -42.19633680564428 -399.88645759658027 -223.10703118341172 1.1664552524177623 -350.2673913568058 2384.189033166843 264.7311725582777 170.9334582276333 289.99865853149754 -165.1336442576062 248.78655846804043 -371.8327755110303 -72.86462310886691 -45.81146972684235 -341.52675559080257 -108.6839752856709 -85.36146245611776 -4.842203612379308 -239.68607984320062 -528.5315026965718 47.7545187496807 -400.5975391258703 3.9359786726691226 22.152476789802954
-69.31876759543174 -302.31238221401577 -223.68029676750223 -99.67053172463149 -161.12221277517372 -106.10786497146427 4.242004143140463 39.5934059541642 -234.41665317176853 264.73117255827776 2765.234310437411 -9.216012847209853 -20.788440039780625 -62.3254041229409 -9.26920230205107 33.63445864286582 -246.54685166098955 -134.49572215784852 -199.43721869356085 -290.56928561628337 -81.23377538430613 3.2783765841529657 130.64939285392626 -704.3979992189851 -129.81003408849168 -463.601638374183 -60.76850036944428 30.351718279038963
-297.38813903216345 -201.45169444358734 -201.53034848032573 -81.51959797530948 -196.80061173563158 -87.31446118131535 53.703081489740356 71.18794411797688 211.77633355970335 170.93345822763328 -9.216012847209925 1906.8756368981053 29.499921238345664 160.51397269943047 -78.90484008974701 -122.4386403506484 -177.4860394433509 -911.0157999911756 -86.3867788121608 352.3642351240745 42.08805070413586 -394.712120640973 -416.81763554014 80.49332434871226 148.5631570487581 -157.60672057274394 134.7880447907352 31.85417500694392
-67.99873399090384 -349.0260495618838 94.63997021795393 70.49661164268272 -255.35375494466538 159.62263081328126 -449.1134129280558 -387.60324436411094 -338.54640124413953 289.99865853149754 -20.788440039780625 29.499921238345678 1942.9786909684994 -37.38054921488088 -235.68854025131344 324.2485509318767 -204.26644479241514 -148.322144569818 182.28241920594382 -546.7245721157158 170.86902239877443 13.970269860363203 -87.08824778126277 95.45969011717196 -43.710490215227 396.5222193152618 -280.5276051257751 26.58463664217363
-311.8600923418338 483.5102547397467 -160.4180692151453 -358.03292974018103 -296.69694107128186 -299.00277478790014 -20.83310417730057 -100.04384573789005 -222.62593421369542 -165.13364425760628 -62.32540412294088 160.5139726994305 -37.380549214880865 1718.774664526204 107.49402318433732 -278.10291485187537 -95.41241065553362 -144.76635335917393 -64.51245771777472 348.3716425088112 49.319309653113905 15.235342771325108 14.794197798498013 -163.9136292940264 -16.062448596876912 -49.47818818059244 142.50054742825824 66.41535263296265
-115.99062232216183 -158.26921926745285 171.77897465830762 -167.87314864963463 362.44132297180226 -44.01755312340842 -379.88549953000114 -561.52760363498 158.00014979883397 248.78655846804043 -9.269202302051042 -78.90484008974695 -235.68854025131338 107.49402318433732 2295.5669900098146 -637.3505800123896 -321.1045406377841 46.490912093237554 -378.7490155212706 -294.4359241260775 198.63149751126574 116.04290280435796 111.67767581084178 -127.1078753305407 -47.698978221530865 131.2801340300858 -579.131221449495 99.83839157216188
-433.12089507182696 138.1171790162329 162.12523467377952 108.96901131578079 -270.268116807822 -481.48514835328035 21.501165947448243 131.30290449892215 -172.2968793149214 -371.83277551103026 33.63445864286588 -122.43864035064848 324.2485509318767 -278.1029148518755 -637.3505800123897 2193.0993577509416 206.12347610210975 147.62721350790463 172.4384051803119 -441.52731630301815 -224.14629800667396 261.7236236119628 -373.1254783986183 19.761424335409536 67.20141840990878 -147.0051844092223 -20.488206222717658 59.94337256483865
-195.25895049706838 133.5889619451691 -234.7181450027988 52.48639704019598 -174.9262354998458 636.1079503084187 -258.2473066478525 51.32213735158399 -72.58787900732224 -72.86462310886697 -246.54685166098955 -177.48603944335102 -204.26644479241514 -95.41241065553362 -321.1045406377841 206.12347610210975 2044.2976264730755 -508.7588867414373 -269.69466485065516 310.2049839681646 -50.546414750110294 140.90195699578297 164.6373563010007 19.065343066765962 -273.45914496719274 -395.9272968275499 -188.1404739964576 27.33052065867132
-292.9354847296815 -169.19119221205904 -101.29134513730966 348.96497577724443 103.88487410699884 -142.539916312561 -167.85545665369574 -32.68293407720485 148.50904573817382 -45.81146972684229 -134.49572215784852 -911.0157999911758 -148.322144569818 -144.76635335917396 46.490912093237554 147.6272135079046 -508.7588867414373 2271.343025289168 -58.06093794214763 -208.54524206943333 68.34041096434834 -83.3312164025137 -120.07970049952314 303.25702066793104 -40.59610013155722 -113.16560830229116 349.0133442001512 91.09796277903492
149.16590240153252 320.8082312561251 -228.94867921404548 -93.47493730729965 -114.54540059364729 394.81406234008597 -47.1455501685993 -428.04766876549644 154.19831595120652 -341.5267555908025 -199.43721869356085 -86.38677881216077 182.2824192059439 -64.51245771777471 -378.7490155212705 172.4384051803119 -269.69466485065516 -58.06093794214766 2277.8729526441025 355.75888916038053 44.50310166308568 -470.27363064221646 -191.61402799648494 -78.94599873242976 -24.679746753404203 -49.68655628915836 -381.084777766518 19.069649485895447
-266.505925545373 -335.32718843332765 -45.6195890188377 -393.17936081479917 43.75780070852777 -43.86873523552447 -149.25363978558732 -53.33394664972067 84.4031617262425 -108.6839752856709 -290.56928561628337 352.3642351240746 -546.7245721157158 348.3716425088112 -294.4359241260775 -441.52731630301815 310.2049839681646 -208.54524206943336 355.7588891603804 2095.7424327471294 -109.77757654644286 -250.9987218257857 -134.6729111103769 -213.46911457749636 -236.92057694279777 -9.100964318871451 75.8909608423889 16.723695948977134
9.127486784527687 -160.21375950700312 -335.5020058922393 20.276604580713325 -17.604092105814395 -142.20209807491287 -67.39770399384477 249.70133358702662 -259.9107663634841 -85.36146245611766 -81.23377538430611 42.08805070413586 170.86902239877443 49.31930965311395 198.63149751126588 -224.14629800667402 -50.546414750110316 68.34041096434834 44.50310166308567 -109.77757654644283 1807.0488287452106 -539.8092319764445 114.27011343436071 -17.75833463950123 -3.2342806383071334 -52.73687661390677 -311.77529814797794 66.17724602850983
-87.14696224786366 251.5251573910443 -53.51091878039324 398.75169113131767 -287.2248716094509 -131.82975066007805 -495.0466997523217 -280.95724209112984 296.28120380108317 -4.842203612379365 3.2783765841529373 -394.7121206409729 13.970269860363231 15.235342771325122 116.04290280435796 261.7236236119628 140.90195699578297 -83.3312164025137 -470.2736306422164 -250.99872182578568 -539.8092319764445 2044.5667591083281 333.35104815045327 -162.89474753138595 -92.27005293649222 -146.29084558534683 261.0691824111376 89.78467253316958
404.13632257021044 -290.17768676901505 -216.71660023990503 -398.5395771854268 108.2340532918941 -91.81830745896565 354.37724200853575 -51.53568728047907 51.13450738363684 -239.68607984320062 130.6493928539262 -416.81763554013986 -87.08824778126277 14.794197798498079 111.67767581084178 -373.1254783986184 164.6373563010007 -120.07970049952314 -191.614027996485 -134.67291111037696 114.27011343436072 333.35104815045327 1807.5671415751517 -158.37089470862773 -313.54306524140924 -108.37300383706122 165.17185806173757 64.32652821308486
-543.3188144919023 -99.94504987929588 -26.860981457839046 -324.8435659491679 253.5056688115339 51.80129469163626 -4.52232765783549 -98.91644938302953 -221.5702654925337 -528.5315026965717 -704.397999218985 80.49332434871226 95.45969011717196 -163.9136292940264 -127.10787533054062 19.761424335409544 19.06534306676599 303.2570206679311 -78.94599873242981 -213.4691145774964 -17.758334639501257 -162.8947475313859 -158.37089470862765 2412.264103648551 -20.19519335357515 -188.55341838492583 -170.5058137017321 27.13719429652387
311.8396497215274 526.9711707081369 592.1669024555365 -122.01269495000298 -469.0124112754778 -85.711961427874 -224.3906298026688 -377.2532775067499 -420.7821227668477 47.75451874968064 -129.81003408849168 148.56315704875814 -43.710490215227 -16.062448596876962 -47.698978221530865 67.20141840990884 -273.4591449671928 -40.59610013155728 -24.679746753404288 -236.92057694279777 -3.2342806383071263 -92.27005293649225 -313.5430652414091 -20.195193353575064 1950.7832924049776 19.73666525850774 -26.97802742796972 74.9788300125704
-75.25955858556328 -77.74800615340031 260.0055709266496 -364.2691443083193 -448.26853132253245 -314.2720994501872 -26.625779179866953 28.202932587185387 119.25231072100122 -400.5975391258703 -463.6016383741829 -157.60672057274397 396.5222193152617 -49.47818818059221 131.28013403008575 -147.0051844092224 -395.92729682755 -113.16560830229105 -49.68655628915836 -9.10096431887148 -52.736876613906766 -146.2908455853468 -108.37300383706128 -188.55341838492583 19.73666525850774 2254.8336510599192 -206.02209833266994 5.00280368432755
-108.79061725543613 -394.88806180344324 245.69199127100603 -80.42268544875054 152.29325622292467 -120.49398797932285 -154.5900788302093 213.8379117216394 -101.15203132951345 3.935978672669137 -60.76850036944433 134.78804479073514 -280.52760512577504 142.50054742825824 -579.1312214494949 -20.4882062227177 -188.14047399645764 349.0133442001511 -381.08477776651796 75.89096084238885 -311.77529814797794 261.06918241113755 165.17185806173762 -170.5058137017321 -26.97802742796972 -206.02209833266997 2054.699280451703 12.219168928121249
37.338144339639136 0.7796293580054635 12.287486402739477 50.27815383476361 47.5555683833387 47.408851705078696 25.71962084268407 7.748045386172588 42.878773130934505 43.7026994341497 37.899515366565616 10.893283812348692 4.867165333696946 51.346021226653846 20.391945985140502 53.89467508344833 16.924557383832298 6.671029171937478 11.910729514028482 36.254798689368 28.207019487694126 13.03476161774548 22.93837132609314 48.9440397877668 31.965055522793925 52.92393207904953 20.69182967001161

37.331406 0.779462 12.285298 50.269093 47.547058 47.400333 25.714996 7.746661 42.871067 43.694851 37.892670 10.891348 4.866283 51.336800 20.388247 53.884968 16.921511 6.669854 11.908596 36.248257 28.201962 13.032453 22.934252 48.935207 31.959322 52.914398 20.688070 