1050.2095401348813 -158.57351688767307 -10.02443749076261 -1.8979286870174263 -26.70265605116859 -115.1014825468861 -15.617474818030416 75.99972234560829 -175.0267753159602 -163.44573655603563 79.07352957537151 -39.05967164954483 -404.6958730674993 -133.87563473785693 87.79374861634291 -220.39780667108022 -166.82980689386028 41.07673665986763 -155.00702838882523 -13.079057196095118 224.34307410613485 26.583763476290173 -153.61160301602342 28.16108830879116
-158.5735168876731 997.8366484260107 -117.3692738395359 38.21469331238413 28.002093208610773 96.38191990368625 -268.37514340054076 39.479235564479 -11.410032600492668 -14.67003728199515 134.6725548941021 -161.8442695045212 -97.5883185802924 -25.58812455923247 1.533334788990686 -282.41969651627545 277.8720586710829 -179.55819410857035 223.0353676424872 72.94135741873816 -191.73226454415123 -0.025332819208188084 -86.83436246784052 86.51644257498883
-10.02443749076262 -117.36927383953595 894.83175915703 -9.303155431738212 -124.22722391192066 96.60633869840188 -89.30376779106886 -372.42452384903504 179.18263761446875 -7.9248955201618845 -70.81023365107583 -173.53229525625756 -17.18614596614659 -135.6081237731049 51.416765154307654 -0.2917615986706732 124.09575042255716 -127.77707845270376 -18.92004758805368 -194.54401125611497 59.12860179860401 -111.23717909025588 -79.45964792306887 5.467487012965777
-1.8979286870174263 38.214693312384114 -9.303155431738183 924.5385186018597 -127.909824189879 -109.90681100371593 142.88503078436415 -15.97966273138848 49.6116138032691 -125.58724886288834 -140.970747240552 -143.53107017591392 -83.73326645544513 -20.344759473020524 -113.24127714032814 163.47674356580976 -83.07990968518997 -103.53251198401195 157.0952083766952 121.84147509054068 -262.41710189376346 -69.3197477852725 -12.406964890653683 80.46967207645633
-26.70265605116859 28.002093208610802 -124.22722391192072 -127.909824189879 922.6450442349583 112.65596664994686 -128.76030462983724 105.98700366070712 15.460835854602308 124.62701804819088 9.31363128645134 -163.03297064402835 -35.71718700848581 -34.14632910597051 -217.04954262323167 -68.03161266525285 -54.19863002023607 -20.302791526300776 -53.57963559597053 -213.00931156742735 19.78806393596104 140.6072776732396 -271.42930994861274 83.4472513669675
-115.10148254688617 96.38191990368628 96.60633869840193 -109.90681100371594 112.65596664994686 1056.0397620394133 -175.07569411686083 195.9544108046975 -90.28641010348228 98.03169989209465 -159.32991157737797 -77.64314974482213 -120.45025434297526 -94.86590784577783 -120.20428406892849 -88.38598794652171 235.94405737198355 -165.60942932125582 113.71041200573825 -102.29584879424671 -209.20263163516677 60.065993362036195 5.707574656784374 23.713237525780496
-15.61747481803041 -268.37514340054076 -89.30376779106889 142.8850307843642 -128.76030462983726 -175.0756941168608 1111.1131726364897 5.301040709459805 41.925871514936645 -119.57846963896601 -25.95156935185325 -32.45048466052661 14.952137377571646 -84.5512502026001 -209.28036291017324 -225.9271677243886 -14.109905147447861 -135.1708725661203 -19.61079190968745 22.95018711180903 -94.45625208314654 -71.24010650282119 81.35711337691019 0.7753888694818079
75.99972234560828 39.47923556447901 -372.424523849035 -15.979662731388508 105.98700366070707 195.95441080469743 5.301040709459798 1116.5194422994405 -221.75033992540816 -168.3862988938775 -136.6622085334755 160.2513299556809 102.40247180289401 -7.054766239930235 -99.31483222918108 73.22512203744468 40.76880452533892 -68.1923274541487 -242.34562118021165 -71.44168709333408 -50.27714610434577 23.822436519926846 -125.64900272843408 98.48528673385044
-175.02677531596024 -11.41003260049268 179.18263761446875 49.61161380326912 15.460835854602337 -90.28641010348228 41.92587151493662 -221.75033992540816 837.272513478533 6.099444559635096 -188.16290198120151 139.77959413241155 24.16671640731945 -99.56072760179136 -64.87385190611897 5.409128296391264 89.07764811799623 -106.0439030687258 -237.4594955898508 -37.74659293644403 -100.29514448182265 -60.518442806985995 -227.1638880771539 42.35114196291262
-163.44573655603563 -14.670037281995164 -7.924895520161849 -125.58724886288829 124.6270180481909 98.03169989209468 -119.57846963896601 -168.3862988938775 6.0994445596350815 896.3401785790775 -67.78277137985756 -43.13353297626857 209.37348540998616 -36.16035718112528 -133.73565259272246 -77.49200651368092 -171.21695803912098 197.23793395688554 -17.849615033043246 -2.26332178586968 -92.55565665013982 -135.96134735562816 -46.948271646924404 59.166142159009524
79.07352957537151 134.67255489410206 -70.81023365107583 -140.970747240552 9.313631286451368 -159.3299115773779 -25.951569351853237 -136.6622085334755 -188.16290198120151 -67.78277137985754 1149.804956917356 -92.6833693286087 20.53019033773751 97.99791359139093 -25.01455448132791 30.563487990989287 -194.17510936511928 -116.34684612861767 -7.858322988151247 -154.47365449400993 -111.92810965759651 -31.84416251368274 100.2577221868786 88.22547174340473
-39.05967164954483 -161.84426950452118 -173.53229525625756 -143.53107017591392 -163.03297064402838 -77.6431497448221 -32.45048466052661 160.25132995568097 139.77959413241155 -43.13353297626857 -92.68336932860868 1065.7112205886715 29.62521694641468 3.708677290173217 14.380358318138855 -79.61345925168139 -219.00394212269995 59.393784520068834 -78.33140574762027 206.8553509079487 -194.83087310081956 81.12167270660713 -55.068134516589524 44.76989074124472
-404.69587306749935 -97.58831858029234 -17.18614596614656 -83.73326645544515 -35.71718700848584 -120.45025434297523 14.952137377571631 102.40247180289398 24.166716407319452 209.3734854099861 20.53019033773751 29.625216946414653 966.8461877351712 -44.57472313789802 12.754253968331945 20.35468743532209 -132.67490319126014 -171.6423406133627 -44.17364954195276 -272.58985921126316 -182.0272219892678 5.378660778073169 159.45719420935188 37.84547293852374
-133.87563473785693 -25.588124559232426 -135.6081237731049 -20.344759473020524 -34.14632910597051 -94.86590784577781 -84.55125020260013 -7.054766239930235 -99.56072760179144 -36.16035718112526 97.99791359139095 3.708677290173231 -44.57472313789802 1112.7178864653542 103.5554482688676 104.90759941776162 109.80755953666228 -95.52729739538425 -92.97977775220784 -34.047227344381064 -98.32685492319347 -190.2172429510441 -54.55572076284639 6.622353959975557
87.79374861634291 1.533334788990679 51.416765154307626 -113.24127714032817 -217.04954262323167 -120.20428406892846 -209.2803629101733 -99.31483222918108 -64.87385190611897 -133.73565259272246 -25.01455448132791 14.380358318138853 12.754253968331952 103.55544826886762 1098.9655402004807 61.227149734310835 106.35217007645453 -218.8424040792849 -61.27933205662884 62.41767403377834 14.715976480853126 -284.6559756429718 -56.39187782765825 34.74976421351725
-220.39780667108025 -282.4196965162754 -0.2917615986706821 163.47674356580976 -68.03161266525291 -88.38598794652177 -225.9271677243886 73.22512203744473 5.409128296391222 -77.4920065136809 30.563487990989287 -79.61345925168143 20.35468743532209 104.9075994177616 61.22714973431085 985.5903377161263 -233.63451325416418 -74.35789682844933 65.46788244813803 -154.65163816934808 -29.896537899576842 -142.67953662853876 233.99817868045017 62.214696508984666
-166.8298068938603 277.8720586710829 124.09575042255715 -83.07990968519 -54.19863002023607 235.94405737198355 -14.109905147447861 40.76880452533892 89.0776481179962 -171.21695803912098 -194.17510936511928 -219.00394212269993 -132.67490319126014 109.80755953666228 106.35217007645446 -233.63451325416418 903.9869980666114 67.45366112744674 -44.14346761033711 50.230766741140606 24.399624382041296 -69.51936864637096 -253.75744285095448 23.584603027271445
41.07673665986763 -179.55819410857035 -127.77707845270375 -103.53251198401192 -20.30279152630079 -165.6094293212558 -135.1708725661203 -68.19232745414865 -106.0439030687258 197.23793395688554 -116.34684612861768 59.39378452006886 -171.6423406133627 -95.52729739538425 -218.8424040792849 -74.35789682844933 67.45366112744674 1027.9453298072935 71.3606213097117 -18.592895982974685 221.3223635655421 -174.41733962718627 138.51827147590456 83.27709890248173
-155.00702838882523 223.03536764248722 -18.920047588053638 157.09520837669527 -53.57963559597053 113.71041200573826 -19.610791909687393 -242.34562118021165 -237.4594955898508 -17.849615033043253 -7.858322988151233 -78.33140574762027 -44.17364954195276 -92.97977775220787 -61.27933205662886 65.46788244813804 -44.14346761033713 71.3606213097117 1018.8522725647307 -123.86669307197106 78.42967723203269 53.375781146654305 0.3840751059512222 2.8351931521056972
-13.07905719609509 72.94135741873816 -194.544011256115 121.84147509054068 -213.00931156742735 -102.29584879424665 22.950187111809015 -71.44168709333412 -37.74659293644401 -2.2633217858697083 -154.4736544940099 206.85535090794863 -272.5898592112631 -34.047227344381064 62.41767403377834 -154.65163816934808 50.23076674114059 -18.5928959829746 -123.866693071971 842.8094771330832 21.878966585289145 -78.22757496829334 -96.39026978084513 41.1806047378515
224.3430741061348 -191.73226454415123 59.12860179860402 -262.41710189376346 19.78806393596109 -209.20263163516677 -94.45625208314658 -50.27714610434577 -100.29514448182265 -92.55565665013978 -111.92810965759654 -194.8308731008195 -182.0272219892678 -98.32685492319348 14.715976480853136 -29.896537899576813 24.399624382041324 221.3223635655421 78.4296772320327 21.878966585289092 964.574474979229 54.467507688144835 -126.30129706766824 11.265060842191431
26.583763476290144 -0.025332819208216506 -111.23717909025588 -69.3197477852725 140.60727767323954 60.065993362036195 -71.2401065028212 23.822436519926903 -60.518442806985995 -135.9613473556282 -31.84416251368272 81.12167270660714 5.378660778073197 -190.21724295104403 -284.6559756429718 -142.67953662853878 -69.51936864637099 -174.41733962718627 53.37578114665429 -78.22757496829331 54.4675076881448 1138.8570401118243 -122.00810450565783 18.659375191400628
-153.61160301602337 -86.83436246784049 -79.45964792306884 -12.40696489065374 -271.4293099486127 5.707574656784374 81.35711337691018 -125.6490027284341 -227.1638880771539 -46.948271646924404 100.25772218687858 -55.068134516589495 159.45719420935188 -54.55572076284639 -56.391877827658305 233.99817868045005 -253.75744285095448 138.51827147590456 0.384075105951208 -96.39026978084516 -126.30129706766826 -122.00810450565785 927.491698126378 70.81055966888144
54.210622311335314 53.533579192709745 51.46846733031722 16.48549017089917 44.264059285489225 39.22387267621786 55.86407881676298 19.28832277277534 39.955506295414146 14.041872571324538 23.819883320309472 19.1736800572117 57.16024212696467 37.02301223835008 36.801463602122126 50.47027927997665 4.934131860091273 55.30324394115771 13.956803527901211 58.893455920556406 27.354045178158 38.73566525497261 28.06289989806266

54.211239 53.534214 51.469090 16.485668 44.264576 39.224316 55.864735 19.288582 39.955997 14.042045 23.820152 19.173889 57.160866 37.023460 36.801914 50.470837 4.934165 55.303894 13.956976 58.894135 27.354353 38.736126 28.063253 