1201.6482894374474 26.13840087490452 51.083514211331895 183.56234986256382 -430.4641000149209 -278.4065091705306 -141.72108119346294 -73.57210005184014 201.97262574011052 -378.6673247552866 -128.68805525336322 11.273386761418344 104.24884558272252 -97.74054888990904 17.70221125197924
26.138400874904505 1337.3676777835844 -135.02963351257046 -126.10271547294286 -404.1487540019298 -213.9599635808453 622.817949783366 -196.93385740311032 -345.09619006827444 132.815628050797 -120.04929333183227 -394.13260839035587 -419.80631554059926 -177.67373463622445 62.849259249893294
51.083514211331895 -135.02963351257046 1613.9092368349802 297.1866744429434 416.8320546649885 -288.0581454748314 -122.31167679656218 -308.08229194223384 -445.8230913907532 -71.4376885019177 -84.56449041691599 -112.96913692080734 -287.8210692118723 -158.1182241669265 78.09238077502275
183.56234986256382 -126.10271547294286 297.18667444294346 1178.621697228939 -192.22547712252793 -27.27208229589346 -186.11729768223046 -18.303553748039207 80.68795009810373 -403.52656008217565 -101.24022766330714 -58.285235718741596 -201.40242625894317 162.09867700027795 2.2894653216274374
-430.4641000149209 -404.1487540019298 416.8320546649885 -192.22547712252793 1445.0348189294973 -215.28990806664746 -136.591715930342 -336.0068908811543 -87.89329913524689 -384.42103816006005 326.3157135010365 -160.73542173730152 63.61496488489777 77.58481011520621 44.984592836709126
-278.40650917053057 -213.95996358084534 -288.05814547483135 -27.272082295893433 -215.2899080666474 1363.4945668230598 -291.5603561276627 -37.3422911682228 -196.69281013007 -196.85436349379188 47.46406291486169 -212.17527485801924 -105.02362538637148 -93.3427485955888 72.41977393655381
-141.72108119346294 622.817949783366 -122.31167679656218 -186.11729768223043 -136.591715930342 -291.5603561276627 1343.0473868890795 76.11244392906546 -259.39768355228097 -109.90622503909083 -255.25048055692847 -57.29388552090354 -225.3065860548619 -137.58377221494914 58.43436519873298
-73.57210005184011 -196.93385740311027 -308.0822919422337 -18.303553748039235 -336.00689088115433 -37.34229116822269 76.11244392906545 1287.1581190278778 191.99084337799252 -19.565009434320473 169.08669742241597 -49.43449898268683 128.74965433222008 -17.518087759852303 96.92406991750512
201.97262574011057 -345.09619006827444 -445.8230913907532 80.68795009810376 -87.8932991352469 -196.69281013007 -259.397683552281 191.99084337799258 1129.8713900187133 38.383464191735 139.77414191041817 314.89187871194156 -119.92952461712171 -359.08885399788636 27.369727049919025
-378.6673247552866 132.8156280507971 -71.43768850191782 -403.5265600821756 -384.42103816006005 -196.85436349379188 -109.90622503909077 -19.565009434320444 38.38346419173506 1896.3246817619386 -339.0874435812962 76.95364087303766 326.98477906111134 17.281978249305578 93.98776022011408
-128.6880552533632 -120.04929333183227 -84.56449041691604 -101.24022766330714 326.31571350103644 47.464062914861685 -255.25048055692852 169.08669742241602 139.77414191041817 -339.08744358129627 1412.418160303601 -244.85643957853858 -200.39729485791042 -348.7681443710882 12.395687472331595
11.273386761418317 -394.13260839035587 -112.96913692080729 -58.28523571874162 -160.73542173730146 -212.17527485801924 -57.29388552090353 -49.43449898268682 314.89187871194156 76.95364087303766 -244.85643957853858 1502.226756139495 -416.7754999734004 -61.719833341967075 68.06747514979158
104.24884558272258 -419.80631554059926 -287.82106921187227 -201.40242625894314 63.61496488489772 -105.02362538637142 -225.306586054862 128.74965433222002 -119.92952461712166 326.9847790611114 -200.39729485791037 -416.77549997340043 1564.3911299202919 9.406847627088828 61.67703843564325
-97.74054888990906 -177.67373463622445 -158.11822416692644 162.09867700027797 77.58481011520617 -93.34274859558886 -137.5837722149491 -17.51808775985231 -359.08885399788636 17.281978249305578 -348.76814437108817 -61.71983334196706 9.406847627088826 981.4860889014906 17.86513345870833
14.991803067678017 66.05007337858517 53.150162319478376 2.064591563640341 18.467437913994992 57.701755262943735 26.496500803847358 12.0975958448222 64.78464212805176 5.767186453235387 33.53837155804377 41.50715289762326 51.46357324376248 67.2828026873967

14.991877 66.050323 53.150330 2.064622 18.467539 57.701973 26.496607 12.097643 64.784866 5.767225 33.538502 41.507320 51.463764 67.283043 