3539.3845116265543 -656.45217958618 925.1914637712554 -1036.9760442240204 -341.89186500944163 -787.7397225691666 980.8190768706384 -108.47802150497458 481.08272587276815 -359.53400639813606 227.99481177039763 -975.9219088471806 341.6972077258929 -191.39594650438426 -175.0347960095654 260.88087474344184 284.1293484386143 -880.3859357915359 204.06079927944037 -859.533790882086 -203.09641017884746 16.209998405339356
-656.4521795861801 3795.800107306804 -18.739190553681695 -579.1959631691404 -600.9696209071908 1178.1755243931095 107.47734127940919 -249.4578549172189 -849.2812674616996 -90.3065220125376 193.2078243018416 -229.68677891551846 -427.11048784520284 34.76637854990616 258.2650849910379 -966.6523602641421 550.3249214425766 -353.1085922068565 -343.7496936511639 -395.9075327665447 29.640580638911572 56.7021144141796
925.1914637712554 -18.739190553681695 3813.4593162083047 78.69002359929436 -163.90581663785 -717.7187578395142 -179.460310518283 -1106.8704823146504 534.9820771506079 -385.9371353554582 -771.5357571010683 -34.6330479821566 942.7078385634259 -561.074405631016 -1281.3528541937683 -932.8283135341868 802.6234711721892 -525.3905371826827 -456.4052377206651 -450.03455596178526 185.01253164475986 37.24277132302743
-1036.9760442240206 -579.1959631691406 78.69002359929436 3596.293044547355 -3.3230047053805087 195.3105305451706 -29.610845321685105 -35.763926245354284 -524.6415900564919 -356.7028116511286 -889.1969879630217 -7.252597556893107 143.8493256419438 844.7857860719184 -483.91506471992193 -618.2556100417294 -623.2016393560743 59.474882346454656 -332.4616508188294 -24.85801302969563 -686.0469117162341 21.197950823636226
-341.8918650094415 -600.9696209071907 -163.90581663785 -3.3230047053804803 4358.2080872632205 561.6968521882737 -593.490228165386 676.3528866976098 -420.49547390034104 288.2219406769548 522.5608218520605 -443.317005393471 -71.6202098880154 -1147.7346540651884 -58.72835440037625 -1198.5115942118114 -393.8139257790559 9.163052858525617 -670.53799931976 33.812508721129234 -1008.0473984685201 82.23808498923292
-787.7397225691666 1178.1755243931095 -717.7187578395142 195.3105305451706 561.6968521882736 4274.682699424512 611.9199068119681 -478.3970618684731 -484.3619593571425 -210.14656080841135 -62.99204079784931 -135.86432925819133 -520.7619954902655 -506.61052075332475 474.7678590343438 -7.26657004229304 140.55002385573562 -85.34068543761782 -961.385799289694 -876.4709019559995 -573.6404953433114 80.38426701315076
980.8190768706384 107.47734127940925 -179.46031051828334 -29.610845321685105 -593.4902281653859 611.9199068119681 3670.6305931847096 -474.5320689394376 474.4186437293609 -176.61108682129912 -931.225571993196 -214.47824228833525 -551.9570766125714 298.88874455318313 -778.6272446016842 -597.2131942715114 56.39919673291229 -20.35843684843593 -783.8347748501491 -315.44315171115727 1030.6059423929416 55.04731989899656
-108.47802150497449 -249.4578549172189 -1106.8704823146504 -35.76392624535429 676.3528866976101 -478.39706186847303 -474.5320689394376 3695.8272767794324 104.5709952890324 440.3356391902973 -719.0739744704882 -324.44532361704177 449.23362995247476 -483.01885967188855 -470.23482556633985 -863.1970853108123 233.7397699150081 -534.9104151384956 52.8597239422687 -560.0049608175281 -158.6457583843277 75.14615484396269
481.0827258727681 -849.2812674616996 534.9820771506079 -524.6415900564919 -420.4954739003411 -484.3619593571425 474.41864372936084 104.57099528903241 3321.1987371779896 67.11220669138528 66.32615724666522 -377.78191286209136 -135.51595368727638 -379.68327650469746 271.0170195018205 -35.38234381499075 -177.45999119095254 398.3442594363962 -789.616285004947 -448.20663284049346 -375.8646154504304 38.322515732803396
-359.53400639813606 -90.30652201253777 -385.93713535545817 -356.7028116511285 288.2219406769548 -210.14656080841112 -176.6110868212992 440.33563919029734 67.11220669138544 3419.3817810547653 -1169.1890909742574 -248.07905198380175 -891.3395886086543 -1035.6961997416868 -198.08129671332688 64.16331526512477 305.7208658899928 -434.7677230327437 4.198723984452659 655.2990462867971 509.6000834404007 70.50701000626717
227.99481177039752 193.20782430184184 -771.5357571010683 -889.1969879630215 522.5608218520605 -62.99204079784943 -931.225571993196 -719.0739744704883 66.32615724666516 -1169.1890909742574 4229.169460439859 637.1820804208704 -485.7495016113396 70.6900212576258 34.68634930877113 678.1566714280548 -1279.6166882202792 -2.5692560011084424 95.46138011163731 -826.9871306575458 -247.2871181187877 61.811422842659944
-975.9219088471806 -229.68677891551852 -34.633047982156654 -7.252597556893107 -443.31700539347077 -135.8643292581914 -214.47824228833525 -324.4453236170418 -377.7819128620913 -248.07905198380175 637.1820804208702 4238.774083638691 -349.3572224089896 -115.78713674986295 -62.16815825855697 -729.2104894132707 -92.54498638968916 -631.0061905438916 50.05389618944143 -32.40190283419629 113.90909666947528 25.682775135872227
341.6972077258929 -427.11048784520295 942.707838563426 143.84932564194378 -71.6202098880154 -520.7619954902657 -551.9570766125712 449.2336299524748 -135.51595368727635 -891.3395886086543 -485.7495016113395 -349.3572224089895 4400.744322557043 -777.78223329946 658.5880233972396 -655.7459556484107 -818.5691715514837 -460.00011487290806 48.73850909669505 -81.50421926524015 -51.736625485558704 58.915856391170685
-191.39594650438426 34.7663785499063 -561.0744056310159 844.7857860719184 -1147.7346540651886 -506.61052075332475 298.8887445531831 -483.01885967188844 -379.68327650469735 -1035.6961997416868 70.69002125762586 -115.78713674986297 -777.7822332994602 4496.132683099609 -1.3812936081047837 629.2919758835708 -98.6286203649895 -263.1388928906329 72.16601302038727 -483.0033019539261 313.72152701576044 18.542260937106704
-175.0347960095654 258.26508499103807 -1281.3528541937685 -483.91506471992204 -58.728354400376105 474.7678590343438 -778.6272446016842 -470.23482556633996 271.01701950182076 -198.08129671332694 34.68634930877113 -62.168158258557014 658.5880233972396 -1.381293608104727 3302.4542749933435 2.6292723953010864 -458.2177972195042 -333.29869399513757 -170.8037636560705 533.830062621959 -846.268495990965 33.494423889135284
260.88087474344184 -966.6523602641421 -932.8283135341869 -618.2556100417291 -1198.5115942118114 -7.266570042293097 -597.2131942715113 -863.1970853108121 -35.38234381499092 64.16331526512482 678.1566714280546 -729.2104894132707 -655.7459556484107 629.2919758835706 2.6292723953010864 4025.6297639843942 -361.0906306246346 409.4787235441414 47.35763774941726 742.820678300181 -617.4396377434708 91.17200063305229
284.1293484386142 550.3249214425764 802.623471172189 -623.2016393560742 -393.8139257790559 140.55002385573556 56.3991967329124 233.73976991500803 -177.4599911909526 305.72086588999264 -1279.6166882202792 -92.54498638968936 -818.5691715514837 -98.62862036498959 -458.21779721950423 -361.0906306246345 3719.545870398195 -951.7858612788954 364.70189556217707 -27.745342623623472 -195.50515414476286 41.453976457296314
-880.3859357915358 -353.1085922068564 -525.3905371826827 59.474882346454635 9.163052858525646 -85.34068543761788 -20.35843684843576 -534.9104151384955 398.3442594363962 -434.7677230327436 -2.5692560011084424 -631.0061905438914 -460.0001148729081 -263.13889289063286 -333.2986939951375 409.4787235441415 -951.7858612788953 4451.039023503482 -387.01110954597834 163.33202192095823 -16.661549925527424 76.74121735487502
204.06079927944037 -343.749693651164 -456.4052377206652 -332.46165081882936 -670.5379993197602 -961.3857992896942 -783.8347748501493 52.8597239422687 -789.616285004947 4.198723984452602 95.46138011163731 50.053896189441204 48.73850909669502 72.16601302038721 -170.80376365607043 47.357637749417364 364.701895562177 -387.01110954597834 4695.986351867753 -424.2367374671722 -510.0622556039292 77.40041314203253
-859.533790882086 -395.9075327665447 -450.0345559617854 -24.858013029695588 33.812508721129234 -876.4709019559995 -315.443151711157 -560.0049608175281 -448.20663284049346 655.2990462867972 -826.9871306575458 -32.401902834196335 -81.50421926524021 -483.0033019539261 533.8300626219589 742.8206783001809 -27.745342623623557 163.332021920958 -424.23673746717213 4195.537234597952 745.389119959198 99.86531189690781
-203.09641017884735 29.640580638911572 185.01253164475997 -686.046911716234 -1008.0473984685204 -573.6404953433114 1030.6059423929419 -158.6457583843277 -375.8646154504303 509.6000834404007 -247.28711811878782 113.90909666947545 -51.73662548555882 313.7215270157605 -846.2684959909648 -617.4396377434708 -195.50515414476274 -16.661549925527538 -510.06225560392886 745.389119959198 4770.620776346028 6.613604924296556
14.672298975353662 38.95665043554191 89.93682216670949 58.787119234763914 41.407940046971966 17.256185914274212 61.578392955018586 78.11607896499994 10.877213771280982 40.445152022309315 56.20388322506162 36.48817956438809 14.527540954029883 23.026358641690937 78.71033736270196 70.07689015358253 28.31322360065213 45.373964237887336 42.28099218265335 19.371238880938034 28.5364909647072

14.677901 38.971603 89.971458 58.809715 41.423832 17.262800 61.602089 78.146133 10.881348 40.460697 56.225502 36.502178 14.533091 23.035198 78.740631 70.103813 28.324093 45.391392 42.297226 19.378672 28.547451 