2396.365152506193 -103.83241529468819 -363.43716831791676 288.9325340374196 -350.41437822632514 -501.9468695796525 -338.66312436038885 -343.339108734113 223.2758057019492 -807.9917180069625 -549.0648505331512 -54.05406965461678 759.7928452579266 -789.7151567598005 78.59836223205873
-103.83241529468822 3231.150118869426 -857.5560448393403 -501.3779572672346 -223.68908077831338 6.853416080904225 -464.45613795509513 -145.19439554439137 -621.240246575707 -284.2011542710118 100.08287615934124 -483.6264158533409 -564.0994928156713 -21.24409508075671 98.12545508875992
-363.43716831791687 -857.5560448393401 2435.9947884662147 -397.40226734311204 -115.94626765959163 351.4141134218973 307.71315865036377 -182.8580843848007 442.3906218112928 269.92808215576815 -94.89674121374281 -919.4417870431405 -547.5550689150125 25.6960925087197 68.43107644903348
288.93253403741954 -501.3779572672345 -397.40226734311204 2289.921057022434 396.34532764174077 307.9733846822555 -514.1127307906344 -220.89649681173063 6.966524034690735 -62.402260176857 -187.00868292286793 -427.3707156306133 -293.89071590769595 -201.29771160959396 94.34753905645825
-350.4143782263252 -223.68908077831327 -115.94626765959183 396.3453276417409 2858.0286709177462 -675.5103429225642 -709.6022762991252 -284.22923649207604 -170.52954591276193 -97.04072081424607 355.1901542136602 604.585537210652 -568.4168147052419 -472.7536718619075 83.2172017308356
-501.9468695796523 6.853416080904207 351.4141134218972 307.9733846822555 -675.5103429225642 3469.663313216615 -442.1076996876924 205.07008239583877 -162.7714266313958 -343.8353766412222 72.36190825474715 -13.120524081327346 -342.1960318104592 -332.23058088813906 15.460218659786696
-338.66312436038885 -464.4561379550952 307.7131586503639 -514.1127307906344 -709.6022762991252 -442.1076996876924 2480.1285967714093 951.0025723573165 -533.3648526695641 -556.9388000542662 -817.2054813604576 219.3145842528865 -1.3581233370013024 120.71747996713071 21.412531235377795
-343.339108734113 -145.19439554439137 -182.85808438480075 -220.89649681173057 -284.229236492076 205.07008239583874 951.0025723573165 2561.864785004306 -840.4082956087716 -216.18518883328352 -326.64220608478524 24.867260799655924 -94.76753797220204 138.74899000334426 55.641540308091095
223.2758057019491 -621.2402465757071 442.3906218112928 6.966524034690735 -170.52954591276188 -162.77142663139574 -533.3648526695641 -840.4082956087716 2215.497274103758 218.36269814846105 119.47126899041399 113.73774963601088 -320.0050234779519 156.25179218892782 10.530346713585937
-807.9917180069624 -284.2011542710118 269.92808215576827 -62.40226017685694 -97.04072081424601 -343.83537664122207 -556.9388000542662 -216.18518883328363 218.36269814846105 1988.1338145975242 400.7926918704368 -413.1447672761461 -244.31202522759725 -705.5914345744083 87.78258300990903
-549.0648505331513 100.08287615934124 -94.89674121374276 -187.00868292286793 355.1901542136602 72.36190825474708 -817.2054813604575 -326.6422060847852 119.4712689904139 400.7926918704368 1754.9312460373658 -247.33242596646272 -234.96980862056444 -2.752744938908876 96.12278315162472
-54.05406965461667 -483.6264158533409 -919.4417870431406 -427.3707156306132 604.5855372106522 -13.12052408132746 219.31458425288645 24.867260799655867 113.7377496360109 -413.1447672761461 -247.33242596646267 2259.7469680700983 489.27771176138384 168.23119744082967 87.89608194092925
759.7928452579265 -564.0994928156713 -547.5550689150125 -293.89071590769595 -568.4168147052421 -342.1960318104592 -1.3581233370013024 -94.76753797220215 -320.0050234779519 -244.31202522759725 -234.9698086205645 489.27771176138367 2807.886340800271 50.60301261225345 97.46459872594798
-789.7151567598006 -21.2440950807566 25.696092508719687 -201.297711609594 -472.7536718619075 -332.23058088813895 120.71747996713071 138.74899000334418 156.25179218892785 -705.5914345744083 -2.7527449389089043 168.23119744082967 50.60301261225334 2257.6878736166304 89.1233773098563
92.98831385440111 34.178926213579714 4.209662012990249 10.625743108809989 60.22243698158043 52.17252400675695 77.05848097496474 1.6306215732325071 11.769667705565855 99.34750829730515 29.056719391593717 2.0109163559706875 12.944633316766593 79.6840762147717

92.980713 34.176132 4.209325 10.624875 60.217525 52.168274 77.052185 1.630496 11.768711 99.339409 29.054346 2.010754 12.943582 79.677574 