3615.6898560296663 -851.3299930419862 243.03410906041057 -641.6537094660501 42.3652575072112 -94.11827598919473 589.6419808308433 -24.420441250062794 -177.14873527172279 671.3039408839302 -372.36270298189925 -48.22940573518781 -421.48279958096236 -1064.9861114732228 -234.67647140652906 -18.236621590875075 98.96909293880441 -624.5893816584874 -708.7238360630354 -643.2678399147102 854.2396833804286 67.53395734795627
-851.329993041986 2929.393398583886 -385.7474927564832 55.27948415207648 -447.1434760829429 -133.20228792011238 -609.369729760423 -587.448032403547 405.4023122671519 405.8151295309115 -128.5271429149605 279.94815439078627 141.35424922690234 37.25143702438761 -522.934196967246 -347.99703008326276 122.92678720087002 -621.4951696523759 260.54864553991604 245.3364769400438 38.02102240899249 32.49157234240002
243.03410906041057 -385.7474927564832 3431.886761459858 -738.8824881101544 771.5824819205568 458.88600649137044 -278.2256340560894 -492.95673337971635 26.651452981309735 -1006.4437837032616 -21.3487929253442 -199.10766422456035 -378.20083514518416 -82.63155625498334 -436.673695989508 718.4165176251795 -371.3294150911755 -234.02385347669315 -86.21925203950015 310.6766491486099 179.85479004409805 27.93089221290881
-641.65370946605 55.27948415207648 -738.8824881101546 3492.865647505184 209.54633652643898 -248.26244669329682 -2.439445365995894 -482.6363766933069 -56.801143708183574 310.466938346701 -139.13460036125218 -52.81487978028154 -400.35246099776066 -323.1184137521934 352.70507568576875 232.67523502656687 -330.49287406506556 143.65719374273598 145.89017140126523 -209.99624573406433 -787.1930070505031 2.4257479463041354
42.36525750721137 -447.14347608294315 771.5824819205568 209.54633652643898 3213.0521893569316 -49.94290218897788 -115.19633834426435 3.1702497442531836 -474.98691293773675 -316.504491114881 393.4057835152366 -58.785225845518454 -84.30081734565954 -25.884000187346658 -515.8171099416704 -910.109159164943 -519.7353501773064 444.15476939296474 55.148138431607535 -74.70825204079176 161.58213352048998 33.34651892346072
-94.11827598919473 -133.2022879201125 458.88600649137044 -248.2624466932968 -49.942902188977854 2560.5374711461827 156.27053404295418 388.7209649552393 396.3211395682053 -693.1132834676348 -347.5859023365548 -920.8310806797051 600.835697782547 -215.66973687239596 -293.35469948848447 -686.2206260748173 229.08235452722846 179.84535366796922 -698.5179552173952 134.29721914150343 -306.92095928031483 14.880971044515567
589.6419808308433 -609.3697297604228 -278.2256340560894 -2.4394453659957804 -115.19633834426446 156.27053404295407 3332.246359696179 -267.8330425497809 -247.4537189309928 203.77467113760883 -473.4265906303454 282.8205935335547 -562.8947960719086 -311.40025698735064 -395.4355308498858 184.05786991766797 154.90592133316144 -1012.1531034466071 -12.615914541318489 -140.21793184440799 -584.3230656181003 99.2400433568504
-24.420441250062737 -587.448032403547 -492.9567333797162 -482.636376693307 3.1702497442531907 388.72096495523937 -267.8330425497809 2752.557023805867 -13.72915030307551 148.9505678730542 -530.7299756450112 38.771890069709954 22.557464606287716 34.429434623116755 350.9906842942043 -757.8016235178553 -726.8468663795351 -538.207755706701 475.9997390172911 -217.97266793354495 -47.231088296547256 34.78845504547148
-177.14873527172273 405.40231226715184 26.651452981309763 -56.8011437081836 -474.98691293773675 396.3211395682052 -247.45371893099286 -13.729150303075507 3080.013421628892 -723.4811228216927 -481.9733815358691 -423.6429356143442 -0.6902106482058912 627.460037392088 38.94242343717133 -296.90651961137553 -1121.184588542915 -137.4430732587092 -318.4144920096753 -67.12739442475103 -217.63117597935158 5.886211880349856
671.30394088393 405.8151295309115 -1006.4437837032616 310.46693834670094 -316.504491114881 -693.1132834676348 203.77467113760895 148.9505678730542 -723.4811228216927 3007.01377425478 -6.508226485204375 -919.6844298572139 25.961641009387336 -203.34849483627235 -213.8449511854304 629.9441011456358 -131.91107705070377 -1.8963723077432633 3.253708240723853 -638.2610875594062 -254.78503726800523 93.09321428537851
-372.36270298189925 -128.52714291496045 -21.34879292534417 -139.13460036125213 393.4057835152366 -347.58590233655457 -473.42659063034546 -530.7299756450115 -481.9733815358691 -6.508226485204375 3511.6941099376586 320.4534317805248 -61.479316303421854 -405.9800213769287 -480.2622383451446 -309.12182134981384 59.317727737979254 360.07416719966454 -581.0016795558756 -208.32666875547974 -641.9879536674147 13.477400012071817
-48.22940573518781 279.9481543907862 -199.10766422456035 -52.81487978028154 -58.785225845518454 -920.8310806797051 282.82059353355464 38.771890069709954 -423.6429356143441 -919.6844298572138 320.4534317805248 3051.803911668486 216.11214136032035 -316.61776153943543 117.10498893475184 -908.5756171883077 -517.2016004173611 -294.4489585851646 17.736742917874807 565.3712936741513 281.7499206576156 29.23803951229047
-421.4827995809623 141.3542492269024 -378.20083514518404 -400.35246099776066 -84.30081734565954 600.835697782547 -562.8947960719087 22.557464606287724 -0.6902106482058343 25.961641009387222 -61.47931630342191 216.11214136032038 3395.251134135726 104.76299073097016 -350.80886726855306 -657.0188501060923 401.49470489503966 34.33759105935718 -441.5639145871743 -578.4579023826893 -356.4460134374872 74.26186489443977
-1064.9861114732228 37.25143702438767 -82.63155625498345 -323.1184137521931 -25.884000187346544 -215.66973687239602 -311.40025698735053 34.42943462311664 627.460037392088 -203.3484948362723 -405.9800213769287 -316.61776153943543 104.76299073097013 3438.6034375498257 -442.68552177567335 477.70830451766426 -80.2320940989598 -140.0343945261922 45.19150547389914 -876.2424104644992 -195.3314528301292 52.41078534954846
-234.6764714065291 -522.934196967246 -436.6736959895081 352.7050756857687 -515.8171099416705 -293.3546994884846 -395.43553084988594 350.99068429420424 38.94242343717133 -213.84495118543026 -480.2622383451446 117.1049889347519 -350.80886726855306 -442.68552177567346 2368.3791382162826 -434.0268462616939 -251.39709986938374 455.9674100435681 77.42337298530532 -213.23834522608144 -163.8983241956115 71.65277577645838
-18.236621590875302 -347.9970300832627 718.4165176251795 232.67523502656687 -910.1091591649431 -686.2206260748173 184.05786991766797 -757.8016235178555 -296.90651961137553 629.9441011456357 -309.12182134981384 -908.5756171883074 -657.0188501060924 477.70830451766426 -434.0268462616939 2990.1046329035084 -11.123013390386234 -727.0282030605224 159.75096913198146 -215.36250068261964 82.13143432937136 6.421525496838498
98.96909293880438 122.92678720087002 -371.32941509117546 -330.49287406506556 -519.7353501773064 229.0823545272284 154.90592133316153 -726.8468663795351 -1121.1845885429148 -131.91107705070388 59.317727737979126 -517.201600417361 401.49470489503955 -80.23209409895982 -251.39709986938377 -11.123013390386234 3345.077205817525 174.06496544147095 -433.8094217077713 -239.27205591114634 -281.646969310754 17.209277679310443
-624.5893816584871 -621.4951696523761 -234.02385347669315 143.65719374273598 444.15476939296497 179.84535366796916 -1012.153103446607 -538.207755706701 -137.44307325870926 -1.8963723077431496 360.0741671996644 -294.4489585851644 34.33759105935718 -140.0343945261921 455.967410043568 -727.0282030605225 174.06496544147106 3256.7238204543432 -470.0623126810469 -89.98323247942943 244.29537252919283 27.348070905699185
-708.7238360630354 260.54864553991604 -86.21925203950015 145.89017140126518 55.14813843160759 -698.5179552173951 -12.615914541318432 475.99973901729106 -318.4144920096754 3.253708240723938 -581.0016795558755 17.73674291787478 -441.56391458717417 45.19150547389909 77.42337298530526 159.75096913198138 -433.8094217077716 -470.06231268104676 3222.0210204699324 -284.52672058124807 462.16645750282237 22.876121297526588
-643.2678399147101 245.33647694004387 310.67664914860995 -209.99624573406422 -74.70825204079176 134.2972191415035 -140.21793184440784 -217.97266793354495 -67.127394424751 -638.2610875594062 -208.32666875547977 565.3712936741513 -578.4579023826892 -876.2424104644992 -213.23834522608144 -215.36250068261964 -239.2720559111463 -89.98323247942938 -284.52672058124807 2944.4636056702293 57.407757761422886 86.13672595405004
854.2396833804286 38.02102240899244 179.85479004409794 -787.1930070505033 161.58213352049 -306.9209592803148 -584.3230656181001 -47.2310882965473 -217.63117597935155 -254.7850372680051 -641.9879536674147 281.7499206576156 -356.4460134374872 -195.33145283012908 -163.89832419561154 82.13143432937139 -281.64696931075406 244.29537252919283 462.16645750282237 57.407757761422786 2696.1220797090464 26.141086006435586
51.379914365759085 53.44768299271101 12.735376204768592 25.034476112654325 27.62335241993064 19.162582745326127 42.617348020460035 52.76691712622629 25.726212236212234 1.6126250433099512 45.54364391127666 13.646350713882079 37.22038277746234 37.39823555292107 53.88927118136882 58.447652092754204 29.206184537616927 43.35642381760314 25.623403231019886 47.05143538833133 14.62479867013594

51.388500 53.456646 12.737494 25.038654 27.627964 19.165789 42.624481 52.775745 25.730516 1.612877 45.551270 13.648625 37.226601 37.404476 53.898285 58.457439 29.211061 43.363678 25.627684 47.059288 14.627246 