4548.188703458929 -407.85381990420046 462.94900091986597 426.098018855318 -946.082169162487 -732.3661535639579 816.4432888521519 -910.8018009021075 -1340.0107837915089 -756.3558081769387 -325.5885463726807 -29.615065013700246 -1281.9468828430627 12.841905931073834 86.06877791409528
-407.8538199042006 5454.429810788487 -657.3682600880315 -787.4817378807544 -147.15999010928513 -1833.1002637254355 495.0248790724443 47.245586090698175 -550.7502200644501 -962.9371073861209 14.95373940714272 420.38907710394255 -502.8724025501358 -209.6278224182071 48.538222147229035
462.9490009198663 -657.3682600880315 5060.248306370193 -1081.522271925588 -1428.0285225850319 -884.254028767962 -1178.9953184424817 62.864745366571924 16.49549662392974 -707.3760301463027 -366.52403122326547 -1546.9285708236598 124.2861286899182 192.13261227515852 60.057044932395875
426.0980188553181 -787.4817378807544 -1081.5222719255878 4512.196237990272 81.50672495497312 127.90028078396594 -903.735237510733 351.46189136338353 640.6560984325608 743.9795042715687 -859.8764282528614 323.14266943507954 -637.8338952713805 -1073.7971346195877 24.172149063095315
-946.0821691624868 -147.15999010928525 -1428.0285225850319 81.50672495497312 4443.378744850899 3.1411760230206482 -2036.7390396917253 312.2195990976512 -1383.8814912860078 71.5983498378311 116.2433092996393 389.6985342080041 134.10315240270722 229.9721783390579 91.741102824301
-732.366153563958 -1833.1002637254355 -884.2540287679622 127.900280783966 3.14117602302062 4668.930282054414 1079.015781339404 -1014.9925424642897 -543.1808453935865 543.3992412135021 82.11594926647243 446.7539091692553 174.3554100081367 -523.3178330655344 84.55118232682875
816.4432888521517 495.0248790724443 -1178.995318442482 -903.7352375107328 -2036.7390396917253 1079.015781339404 4690.5410407521085 -1023.9881883517902 1063.7154036837946 -1013.8127111045799 -378.9664469483407 500.5377543344978 -683.8256605867031 -222.01447591260938 2.859597388295154
-910.8018009021075 47.245586090698175 62.864745366571924 351.46189136338353 312.2195990976511 -1014.9925424642894 -1023.9881883517903 6591.658654917466 736.7425484000667 -731.3255787816838 -496.43736768350186 -924.2286695680343 -120.71047287030592 -657.182435898779 47.39630897361005
-1340.0107837915089 -550.7502200644499 16.49549662392974 640.6560984325608 -1383.8814912860078 -543.1808453935865 1063.7154036837946 736.7425484000664 3628.058805659634 -69.38262534492577 -963.8932682870051 -1848.3087903434334 828.1674108595973 -515.0117549405282 14.300672283697146
-756.3558081769385 -962.9371073861208 -707.3760301463027 743.9795042715684 71.5983498378311 543.3992412135021 -1013.8127111045799 -731.3255787816839 -69.382625344926 6037.9920278415 -274.6186084838119 236.5932579501195 -31.6090347893292 241.49035373460816 10.655064065721698
-325.5885463726809 14.953739407142493 -366.5240312232655 -859.8764282528614 116.24330929963952 82.11594926647265 -378.96644694834083 -496.4373676835019 -963.8932682870051 -274.6186084838121 5761.558579366761 -200.500816093729 -119.40373442416515 -506.81082112678865 14.655823978179416
-29.615065013700246 420.38907710394255 -1546.9285708236598 323.1426694350796 389.6985342080041 446.7539091692555 500.5377543344978 -924.2286695680343 -1848.3087903434334 236.5932579501196 -200.500816093729 4155.974412608533 -2370.5190999420774 -8.285170394589237 34.084143438520506
-1281.9468828430627 -502.8724025501358 124.28612868991843 -637.8338952713805 134.10315240270725 174.35541000813657 -683.8256605867032 -120.7104728703057 828.1674108595972 -31.609034789329314 -119.40373442416526 -2370.5190999420774 3378.9433897714516 456.62861965919313 4.592925765301869
12.841905931073775 -209.62782241820702 192.13261227515875 -1073.7971346195877 229.97217833905793 -523.3178330655344 -222.0144759126094 -657.1824358987789 -515.0117549405282 241.4903537346083 -506.81082112678865 -8.285170394589294 456.6286196591932 3574.901003569368 89.77102573596892
51.308726862114874 27.696359300886524 35.98648900853005 3.6596964905082356 34.172031322495386 27.9159790832269 0.056274728807028884 16.10013395627814 66.44538229619756 12.621263282207059 22.038182851175083 66.98047898303867 50.86398774202795 10.98389680675742

51.317501 27.701080 35.992622 3.660306 34.177860 27.920740 0.056269 16.102882 66.456749 12.623417 22.041943 66.991943 50.872684 10.985763 