1604.5425071274221 34.688790669375635 -489.6356677447207 -317.1862801305525 -420.6946939493896 175.3634279328789 12.596043661505348 206.78025163555805 -295.31354173036374 -148.52452656253982 184.8868064949957 80.49157412634776 -484.0483849570242 196.29641838356213 -281.33716931511486 -191.52593805055773 -196.81518627754446 35.589412148541996
34.688790669375635 1531.8435425966852 -97.68283052066022 -239.6562128872862 -155.9026493315992 -7.933926762557064 27.74500691241704 -394.3571442651731 106.050848428817 -440.7509843964889 66.03156790389497 -108.07561076843426 245.57335927649927 -31.7791161701696 -390.93156139239125 -153.88752167327786 196.76534463730638 23.400780239897536
-489.63566774472065 -97.68283052066019 1627.6698711659865 16.123327461087968 108.94369408628242 270.44063289004 -175.43042266187985 45.03554817408428 -266.2007807345335 -461.9850556600406 147.72623562335704 -347.12676153296565 -47.60690594305126 -33.93202919281859 69.14839748877259 116.54030454778675 -290.1262172435157 86.6990281444084
-317.1862801305525 -239.65621288728613 16.123327461088024 2049.720286366431 -272.09119854146866 14.771911147969945 -366.08195841097444 -96.36977784404044 -311.15827651803386 165.02833371058102 -150.18749296290503 35.57508996831976 38.582703686808685 236.25541485955415 111.63172742312503 -212.3088207457355 -424.1639793630342 35.73467080454654
-420.6946939493896 -155.90264933159915 108.9436940862825 -272.09119854146866 1549.4016809641073 -160.50619589321985 -57.5695129635086 -84.19919426329463 -11.752509863439514 15.94965596562703 -400.4941588054737 -11.431298436799672 -257.7601062430624 -324.7643593219741 60.83137154013528 -208.72936241558511 249.9473036481213 70.3422009404355
175.36342793287892 -7.933926762557064 270.44063289004 14.771911147970002 -160.5061958932198 1356.2923609737754 -221.46890487213278 -226.91255793611822 -112.91262392347832 261.3323637809558 -97.48075779393072 -221.16083579473403 -171.38742285315095 -330.1776454591084 102.20689946310195 209.70943453474882 -324.64578367068833 40.953148781463725
12.596043661505433 27.745006912416926 -175.43042266187987 -366.08195841097444 -57.56951296350876 -221.46890487213275 1320.637643000871 -102.17149832240864 -118.73109455084352 -53.1110166519548 68.09539239410981 37.34027269423636 304.0604735809629 -521.710138174798 214.0002012041872 -311.83806884606435 262.48604151863833 88.30862221012521
206.780251635558 -394.3571442651731 45.03554817408428 -96.3697778440405 -84.1991942632946 -226.91255793611822 -102.17149832240858 1320.0613944248116 -318.3888109540511 -206.6327051719652 121.09616013694506 66.40850891625801 267.9793528225877 -297.411683380063 -509.64846763207686 -135.43156163682517 -6.501685569007037 46.3193150879455
-295.3135417303638 106.05084842881703 -266.2007807345335 -311.158276518034 -11.752509863439542 -112.91262392347832 -118.73109455084351 -318.38881095405117 1653.8577992807857 -32.5305360018727 -206.66900747740206 -191.39049128650612 36.95320608306505 205.98369348454236 28.082417072073028 245.82503207660938 -327.81846091599425 54.33531530771193
-148.52452656253976 -440.750984396489 -461.9850556600406 165.02833371058102 15.94965596562706 261.3323637809558 -53.111016651954856 -206.6327051719652 -32.53053600187274 1516.301107539884 -278.4089819164306 16.345335855884215 -225.97909906129715 248.4541672532975 -48.84696351650899 -270.35490020931536 -23.95045478874374 59.47875159727328
184.8868064949957 66.03156790389497 147.726235623357 -150.18749296290505 -400.4941588054737 -97.48075779393078 68.09539239410981 121.09616013694504 -206.669007477402 -278.40898191643055 1014.0921009433775 -302.71737824159857 -220.17003269958138 72.43932946370197 44.23701287935494 -7.786618324321813 -137.3544393299795 73.52179070163702
80.49157412634776 -108.0756107684343 -347.12676153296565 35.57508996831973 -11.431298436799615 -221.160835794734 37.340272694236376 66.40850891625799 -191.39049128650612 16.345335855884244 -302.7173782415985 1189.6854374936088 235.05406835801224 135.74525978648546 -280.59815122241343 -310.0057518158558 -187.19068702010208 50.44376126729545
-484.0483849570242 245.57335927649927 -47.606905943051316 38.5827036868086 -257.7601062430624 -171.3874228531509 304.06047358096293 267.97935282258777 36.95320608306505 -225.97909906129712 -220.1700326995814 235.0540683580123 1458.691539137016 -246.66099850735804 22.4493548263992 -216.82956687931636 -86.85823238367584 3.8036245257513257
196.29641838356213 -31.779116170169544 -33.93202919281859 236.25541485955415 -324.76435932197404 -330.1776454591084 -521.710138174798 -297.411683380063 205.98369348454236 248.4541672532975 72.43932946370201 135.74525978648546 -246.66099850735804 1333.1188101754312 -87.7930263411964 -197.0178397072463 -78.46043553826314 59.265718896916944
-281.33716931511486 -390.93156139239125 69.14839748877262 111.63172742312503 60.831371540135194 102.20689946310198 214.00020120418714 -509.64846763207686 28.082417072073 -48.84696351650899 44.23701287935494 -280.59815122241343 22.449354826399286 -87.79302634119642 1774.0153312359018 -43.92438883360856 -191.55492272673612 20.31479612872339
-191.52593805055767 -153.88752167327783 116.54030454778697 -212.3088207457355 -208.72936241558511 209.7094345347488 -311.83806884606435 -135.43156163682522 245.82503207660926 -270.3549002093155 -7.786618324321699 -310.0057518158557 -216.82956687931642 -197.0178397072463 -43.924388833608475 1703.3848675196232 -189.28135611525693 55.24759499559835
-196.81518627754443 196.76534463730644 -290.1262172435158 -424.1639793630342 249.9473036481213 -324.6457836706884 262.48604151863833 -6.501685569007037 -327.8184609159943 -23.95045478874377 -137.3544393299795 -187.19068702010208 -86.85823238367581 -78.46043553826314 -191.55492272673612 -189.28135611525698 1505.1837200542786 80.14471475587641
70.65726784231934 41.8392833351912 61.33614608654479 47.498437237304856 47.77721220129445 8.02593368675255 15.152739442474857 37.078281829355454 56.6593138463426 63.65541028776819 58.7149330731863 62.70745038045389 34.34911349303533 1.205595375393499 38.435353888914086 49.8531066952111 60.0606272577328

70.650826 41.835526 61.330578 47.494148 47.772900 8.025261 15.151426 37.074989 56.654190 63.649616 58.709629 62.701790 34.345978 1.205546 38.431885 49.848614 60.055206 