65.22530672154926 50.09074437157184 98.41319888851785 60.25844580105908 86.127455673646 13.828255444099469 92.6669202054077 55.53619113006605 66.15285202809112 28.319800456362188 17.643970707325796 63.34154581853141 60.36511283294356 94.44055506800102
55.97239677252879 66.0735909661189 90.2654653835624 66.69741960628656 19.45941067336623 65.49111976065208 87.60456618339538 44.56221829214076 65.04514933065748 5.9119554514587165 2.6550997509544705 18.776257062860235 47.137535721199896 76.65902625390851
55.20643041906506 50.17686646839314 96.73981444640545 28.79019923720151 33.46506391754095 77.79503045225076 16.818562348947975 44.62636096163488 27.091697594421905 37.79659340873346 24.151779532244667 4.91942370107834 58.67882346537151 79.83801087996146
55.99306533528713 66.82321488139434 35.15902920018448 49.055818545575406 39.217229758333275 51.58448138708789 96.75415475741408 15.845091995652039 39.34913079623064 76.32374749249821 40.79607777121046 11.15699937067064 31.04086874381685 85.97297750674166
88.73182723143593 33.34222511097924 82.49440747956521 94.04016345701574 98.71172843614787 5.273521342544107 21.75172884831135 43.335183930916344 31.279710276528316 11.07458191983105 38.08352587286259 88.83287434893735 31.323713436716172 51.43194711012323
94.07285327977236 46.4341947737267 10.798560473784857 5.274433629869346 27.541450360785692 25.517483836734666 61.217403129188696 47.149330554366095 98.90975136866878 95.29870532763834 68.62221700047081 41.53053822336419 44.47237943113509 37.88945165793793
23.297155091748255 28.88458715687149 3.548159874802659 90.685342068623 62.91160418539583 11.995028368502126 30.274608361829614 41.347193221569114 26.397866738687537 92.7880149921424 83.32586795440851 33.13189359227844 58.5405330806796 46.88218841070959
16.815666437510725 17.47902428538065 45.00305666234884 72.68702332925645 97.80581380089824 35.69698892606177 20.996311360755648 17.80610060526403 18.5368708132991 17.42036104723439 98.30855030076332 98.80958239841804 23.982964565434393 30.561705619313596
68.68773255980388 79.22240672763397 14.126846969138295 25.908851751499075 80.63165976569422 27.770741363046447 31.62518801619609 82.66723803399806 55.77062121545596 98.63791844240718 75.55171888721094 23.687409785694303 39.635607774015 96.44913467995227
49.537494564584215 65.83713730656741 57.2909723618728 93.30695987272276 59.300688268644286 25.84336391065506 43.084063837417006 2.4250106266271 81.4618405016986 84.58540501862085 19.07046269952265 21.43593790820555 85.66504366844904 79.65186303504072
16.2211237920329 88.64102296874363 71.21192680051922 11.934505700667831 15.177437348096557 51.636449070891125 69.30811446625434 53.20182337694297 74.4468925155418 50.47678052578378 1.8153070675548166 77.00828031850287 63.69873130798268 79.52485995593118
26.585667163495653 62.95545566101887 32.26692339317847 88.73960048907912 57.41937328673604 90.72029029947643 59.01694565732149 27.145059028582395 12.595012449101306 15.178529435095312 28.253240815226942 68.69905979142305 28.86788661201576 24.92983880701215
78.11879334050235 40.14098111231993 21.96697396353121 98.3362235502833 53.38972077901204 49.733247584513364 15.571886322804595 54.10570287971387 40.9417703408526 91.81708514857753 2.263167191907467 14.681684376341309 28.659140333531674 38.31446894317043
-0.28995369493961853 0.7316304978238816 0.8009385279271186 -0.06617434918019252 0.26483030686403225 -0.3551648751266235 0.1721981128352669 0.10177756583387494 -0.053303266145614106 0.3663312887275744 0.18414192185212908 -0.4313728722463223 -0.338127335658677

-0.289953 0.731630 0.800938 -0.066174 0.264830 -0.355165 0.172198 0.101777 -0.053303 0.366331 0.184142 -0.431373 -0.338127 