2616.4675817316784 -45.47449502744088 -247.77809752156207 285.1939739545789 57.433895386606196 -168.28221177935484 -462.98344990737 -631.1765318652537 204.12730367618727 -210.43261722526466 774.1335566753091 125.5130904564024 80.28596396892961 -161.1971710012934 229.50654840356503 162.3046372899305 -41.050163301608904 18.3611535197818 -190.80308971112927 -626.132302212416 417.5087436095275 -359.4550513957888 -136.1384314654552 -308.4807090269518 -274.95350525961624 -184.06018285864758 29.52796186488125
-45.47449502744092 2390.356370728301 387.91815034692354 -26.839639897729683 60.720814367715484 -34.60931081920231 -328.4366967948135 -113.07061836081819 138.54107986484507 -299.2969248180543 270.0891108395761 -67.20155005741752 315.4561306750002 -367.98608054754754 -393.01055453041005 -232.50960527393767 -401.6751877907535 -78.62615500459995 -532.3462499043455 -208.99496717146056 40.6438677923461 188.42733541710382 -63.136359470408564 -492.7115915656712 411.6744912078654 109.80425216532863 20.0414381966607
-247.77809752156205 387.91815034692354 3687.099352157605 -161.0606602926547 -483.46993422615043 -391.0340355810047 86.05421642182634 70.67228804128875 95.30490711631933 110.27958971397197 -451.28074666816576 -0.03852827521683366 -345.001973720022 -497.06482181908996 -589.9134029647239 223.03365582576873 -841.2181919598729 -297.3265871316308 348.7823903784723 113.92807851655238 -612.1420162770387 -358.51553799269595 -128.98681133195822 29.036005892378853 -317.562220999958 354.3163903485838 68.30801681875019
285.19397395457884 -26.83963989772971 -161.0606602926547 2943.708407358505 -415.87939359197424 178.21118763957998 -81.90088285416684 154.0100993258295 -41.15041488788708 -696.5393847474467 267.65630630371083 204.81309268606753 -91.4685148668213 -187.4201091215888 2.538505625215233 264.2994931114722 -50.31483632927876 -294.074762971405 -531.8417656719666 0.9705420559003795 -344.16823859068575 129.31015195364245 -125.29024981398902 -168.06642452545637 -205.41747144770488 -509.14372875370935 87.85693713310334
57.433895386606196 60.72081436771551 -483.4699342261505 -415.87939359197424 2572.980525232142 518.694198983788 -294.61441368182784 99.26159467636109 372.3046709240693 -180.8492991444413 302.83759577928186 333.09278915735587 -517.1367756145844 3.561171370523361 -142.40255410701107 236.6990128813413 332.38009769462724 -28.44982944429266 69.72770120137386 126.93316454178365 -254.22200060614216 -379.8518844373156 -245.90483910675022 -192.81241713631255 -53.43772683760696 -390.70074063166726 22.88616450149601
-168.28221177935484 -34.60931081920248 -391.0340355810047 178.21118763957995 518.694198983788 2898.597268343715 -108.14421842277372 -435.47007697817423 87.3736716544094 -244.3360221064312 362.10415680603046 -68.59971836864155 54.658179457909945 -201.43502694164582 -443.7124943302714 -311.36019468385786 -284.6264883872258 170.0609383770684 -797.4327311980089 -691.8729048416475 -631.0740611506317 148.29040006589838 384.75862732363817 -76.27238157276233 188.67486258701555 75.59875288136169 72.85755009114084
-462.9834499073699 -328.4366967948134 86.05421642182635 -81.9008828541667 -294.6144136818278 -108.14421842277372 2098.1613775696846 -247.19262218245237 167.0952874975914 370.80335217771983 -120.88232723217317 -595.0805431824635 467.5560324112689 111.5978194997439 -109.33287757503277 -461.6722834154551 -235.56471999521744 350.2463415499488 -261.18379673645165 -223.11928311544747 -608.0574159051985 28.10499316665043 16.7228776747911 104.41226657159999 282.3838076172199 -107.15820264204864 63.82232467037559
-631.1765318652537 -113.07061836081816 70.67228804128864 154.01009932582951 99.261594676361 -435.4700769781741 -247.19262218245237 2641.3316467674795 492.9489000178213 -385.3492296278931 -235.63983063386277 237.27582184654898 -587.1587700850039 -76.14543014182833 144.1603181959969 -284.49452583866184 300.4136549858894 -466.7368939628135 -18.09779232451276 161.3468771339723 637.3615796962239 -373.8216204778298 304.41482866971324 -349.5619700882747 -398.2597105868708 130.58165009321507 16.613483139411123
204.12730367618724 138.54107986484502 95.30490711631927 -41.150414887887166 372.30467092406917 87.37367165440946 167.09528749759136 492.9489000178214 2947.4769084783557 -313.6189967276 -165.62735851972676 -489.936241586968 -3.0738986122491045 -448.4433827048971 -367.4204637645444 -621.7775529523963 -48.777214746425585 -208.53087380554416 135.5509067151534 161.32759118443332 386.9538264730005 151.34267280745175 -91.41518352016656 -796.1258467061537 -345.28055119448936 -470.6620807566153 63.779263702050756
-210.43261722526466 -299.2969248180542 110.27958971397197 -696.5393847474465 -180.84929914444126 -244.33602210643107 370.8033521777197 -385.3492296278931 -313.6189967276002 3073.3333395594495 281.91197736753526 -9.411271540180167 6.02352473011274 206.39583351379645 166.29928912146698 -212.7062187746738 -590.4917834358846 -337.49119219052625 494.19194789698156 -370.39026556669626 -7.282408228296674 132.51523653644216 -492.0883886272741 -126.30168828896669 -278.3347369876656 -634.9406479042486 15.826689523525117
774.1335566753091 270.0891108395761 -451.28074666816576 267.65630630371083 302.8375957792818 362.1041568060305 -120.88232723217314 -235.63983063386289 -165.62735851972676 281.9119773675352 2690.1174402755573 -652.1049488697777 -157.954644596884 -241.31860484745064 -295.05859995852603 -286.3872941069343 186.58884826340488 -341.00874389470465 -250.62685589085157 15.093631061467708 -230.36403365415504 -442.58132894607894 -106.51275190418394 74.6320819997978 -112.92074492738749 -151.62094959321487 37.04388129245453
125.5130904564024 -67.20155005741752 -0.03852827521694735 204.81309268606748 333.0927891573558 -68.59971836864158 -595.0805431824635 237.27582184654895 -489.9362415869681 -9.411271540180195 -652.1049488697777 2111.941852963718 -159.67498150803945 -10.243610875353717 -197.0272451100952 285.52218106999794 -155.08126258555117 -156.76963342684033 213.83818163049165 204.08913868862862 -361.72407462982426 -276.59320260551505 99.45432198023964 -265.1506696255405 -108.20923638500113 80.98330516255584 58.47063817983504
80.28596396892965 315.4561306750001 -345.001973720022 -91.46851486682141 -517.1367756145846 54.65817945790988 467.5560324112689 -587.1587700850039 -3.0738986122492182 6.023524730112712 -157.95464459688404 -159.6749815080394 2771.48033012038 -211.97032640129987 376.78997640353003 354.687226163732 -358.9247759810426 -267.58727012595233 -585.7043278528463 -73.32428050686005 -98.55596849270526 -273.9730110365083 -436.14380921465715 -154.07555156442345 -113.89988160578598 -425.7404199043075 47.8506742719616
-161.1971710012934 -367.9860805475475 -497.06482181908984 -187.42010912158887 3.561171370523361 -201.4350269416458 111.59781949974385 -76.14543014182836 -448.44338270489703 206.39583351379645 -241.3186048474506 -10.243610875353632 -211.97032640129973 2673.2431923933873 -111.86462560746762 1.6812125485445648 316.25522660197754 48.52331917076857 30.481103676827672 -753.2227083467772 -309.9761161085647 481.43589098616957 -281.7973641055009 -196.44454687689722 -228.62472796481163 -254.91163485020846 51.427823978080745
229.5065484035651 -393.01055453041 -589.9134029647238 2.5385056252152047 -142.40255410701104 -443.7124943302714 -109.3328775750328 144.16031819599695 -367.4204637645445 166.29928912146693 -295.05859995852603 -197.02724511009524 376.7899764035299 -111.86462560746762 2629.6266384936916 325.03041400020976 -60.18358902485894 150.83288179577391 -368.8291581240166 -110.9341402532231 387.8801604294333 259.42875002836166 -168.7492085831258 -284.69282936203234 -1036.9076205946417 242.5477227191125 71.07213308893049
162.3046372899305 -232.50960527393758 223.03365582576868 264.2994931114722 236.6990128813413 -311.36019468385786 -461.6722834154551 -284.49452583866184 -621.7775529523963 -212.7062187746737 -286.3872941069342 285.52218106999794 354.687226163732 1.6812125485445435 325.0304140002099 2705.230977917548 -674.4520728776681 -175.0358772633489 273.6931498184851 109.4723499759612 -597.1476473731558 -515.3829899246939 -44.3731401254355 -329.31026045477665 -130.04968656307065 220.43499789167495 93.33796072748405
-41.05016330160885 -401.6751877907535 -841.2181919598729 -50.31483632927882 332.38009769462724 -284.6264883872258 -235.5647199952175 300.4136549858894 -48.77721474642556 -590.4917834358846 186.58884826340488 -155.0812625855512 -358.9247759810424 316.2552266019774 -60.18358902485888 -674.4520728776682 2926.977864010938 -312.91068798115754 -304.06404494688786 159.50133182049711 -255.93862740304706 -159.9576834490048 -278.3717677547697 180.4487864815881 -123.20004734335367 390.3025466802163 64.25260247053733
18.3611535197818 -78.62615500459995 -297.32658713163073 -294.0747629714051 -28.449829444292675 170.06093837706845 350.2463415499488 -466.7368939628135 -208.53087380554416 -337.49119219052625 -341.00874389470465 -156.76963342684033 -267.58727012595233 48.52331917076857 150.83288179577391 -175.03587726334888 -312.9106879811574 2218.4754775268175 -224.5546355443555 -245.73401974325455 547.3855001437095 -16.101048682714328 659.6466922521773 311.0428095043306 -273.05468058081664 -92.77270924207512 2.684337724013497
-190.8030897111294 -532.3462499043454 348.7823903784723 -531.8417656719666 69.7277012013738 -797.432731198009 -261.18379673645177 -18.097792324512618 135.55090671515345 494.1919478969817 -250.62685589085163 213.83818163049165 -585.7043278528462 30.4811036768278 -368.8291581240166 273.6931498184852 -304.06404494688786 -224.5546355443555 2960.7509248804645 -451.4677781493257 73.15893288222819 223.6329270026423 -371.9078697457221 -160.55792326503848 -16.38404174099287 -212.49475552109357 91.98216777576624
-626.132302212416 -208.99496717146056 113.92807851655243 0.9705420559004425 126.93316454178351 -691.8729048416474 -223.11928311544736 161.34687713397233 161.32759118443337 -370.39026556669626 15.093631061467736 204.0891386886286 -73.32428050686006 -753.2227083467773 -110.93414025322316 109.47234997596121 159.50133182049726 -245.73401974325444 -451.4677781493257 2607.2999373459334 -216.25304746585465 71.21715890786287 387.78804037580176 68.92483308031046 -170.56927320002822 -418.66724384660944 82.20594152922574
417.5087436095276 40.643867792346185 -612.1420162770386 -344.16823859068563 -254.22200060614205 -631.0740611506317 -608.0574159051985 637.3615796962239 386.9538264730006 -7.282408228296674 -230.36403365415504 -361.72407462982426 -98.55596849270525 -309.9761161085646 387.88016042943326 -597.1476473731557 -255.9386274030471 547.3855001437094 73.15893288222813 -216.25304746585465 2324.639369204764 -47.58630136946629 -96.58270149797603 -153.62623405814438 536.7233805389119 -229.97909403931396 73.76314768356681
-359.4550513957889 188.42733541710382 -358.51553799269584 129.31015195364245 -379.85188443731556 148.2904000658984 28.104993166650427 -373.8216204778299 151.34267280745178 132.51523653644216 -442.58132894607894 -276.59320260551505 -273.9730110365084 481.4358909861697 259.4287500283618 -515.382989924694 -159.95768344900483 -16.1010486827143 223.63292700264233 71.21715890786287 -47.58630136946635 2991.284007391751 -339.9002311007222 175.3868977021513 -586.7554851525852 -345.5227677234863 8.39294424974083
-136.13843146545508 -63.136359470408564 -128.98681133195834 -125.29024981398902 -245.90483910675025 384.7586273236383 16.722877674791008 304.41482866971324 -91.41518352016656 -492.0883886272741 -106.51275190418397 99.45432198023958 -436.14380921465704 -281.7973641055009 -168.7492085831258 -44.373140125435526 -278.37176775476956 659.6466922521773 -371.90786974572217 387.78804037580176 -96.582701497976 -339.9002311007223 2806.0217969307405 -754.4011021759061 -168.80800666607985 -53.84784370319521 30.726591820594585
-308.4807090269518 -492.7115915656712 29.036005892378824 -168.06642452545643 -192.81241713631255 -76.27238157276224 104.4122665716 -349.5619700882747 -796.1258467061539 -126.30168828896657 74.63208199979792 -265.1506696255404 -154.07555156442342 -196.44454687689716 -284.69282936203234 -329.31026045477665 180.44878648158803 311.04280950433065 -160.55792326503854 68.92483308031052 -153.62623405814443 175.38689770215123 -754.4011021759061 2769.173773752286 -356.8533855434437 290.046858451747 15.979908753764105
-274.95350525961624 411.67449120786534 -317.56222099995813 -205.41747144770488 -53.43772683760696 188.67486258701533 282.38380761721993 -398.25971058687077 -345.28055119448925 -278.3347369876657 -112.92074492738752 -108.20923638500113 -113.899881605786 -228.62472796481168 -1036.907620594642 -130.04968656307068 -123.2000473433537 -273.0546805808166 -16.38404174099287 -170.56927320002816 536.7233805389121 -586.7554851525852 -168.80800666607973 -356.8533855434437 3713.5682237787196 -53.58128917603605 91.49902307301971
-184.06018285864758 109.8042521653286 354.31639034858375 -509.1437287537097 -390.7007406316673 75.59875288136163 -107.15820264204864 130.58165009321507 -470.6620807566154 -634.9406479042486 -151.6209495932148 80.98330516255572 -425.7404199043076 -254.91163485020846 242.5477227191125 220.43499789167495 390.3025466802163 -92.77270924207515 -212.4947555210935 -418.6672438466094 -229.97909403931388 -345.5227677234863 -53.84784370319521 290.046858451747 -53.58128917603602 2743.655415086382 92.49628570379403
42.97905467303862 71.11630416119513 43.937458486528726 41.9653752434232 9.179292346187072 83.93140803987849 72.24353839096732 18.377649603006777 37.49980453320178 47.240445767743694 17.77080104967142 42.544342834842205 32.203564344408996 74.03771671333783 55.92933464511853 50.55116113491527 62.98177932642792 4.8067195506092455 72.42653717358087 77.94458707384202 77.46647891137194 9.031221156271531 49.58845160788986 72.87451130079536 31.7980564623629 33.3148648162260

42.979824 71.117531 43.938213 41.966103 9.179448 83.932816 72.244759 18.377981 37.500431 47.241264 17.771061 42.545013 32.204105 74.038986 55.930267 50.552013 62.982849 4.806796 72.427765 77.945923 77.467743 9.031363 49.589298 72.875740 31.798592 33.315418 