4267.319405330307 -322.74811635141793 -574.3733843080166 -1038.8091777102736 354.8357132930421 -188.00241943782783 -528.6114503597728 246.53898407886 -619.8310856217703 238.43449106322706 -132.7607356570594 245.65663607239807 -64.10326109165278 -62.03007220699308 -719.5227360756587 45.41670783651525 133.29554925172008 -184.39423175807198 950.9454535633672 -440.15111288018477 -202.70769639866393 -1136.848272680358 576.3563709989801 -602.3982016774529 638.5035703738735 -540.682600762709 -428.6084935867503 -444.48177239788316 226.51521602482288 85.10299078085319
-322.7481163514177 5435.3014193556 62.58282801639359 125.74758432625077 -432.2721837238604 -517.8268865531755 161.5855824456205 -459.28903897621234 -332.8854476921053 684.6092696534984 -525.7096733851328 -352.03387707674807 -469.72905915651586 -455.7737726634632 -8.690061507194969 -270.66249920029924 -232.10618244807557 -185.63175716101077 -567.0790230847119 -45.99900925122721 -407.753976437371 413.0731901706483 658.0364416725471 -592.0209211238855 418.9433137833882 -408.3364736746347 -275.6318545174006 483.7909290816721 -739.3944819003657 95.09595910356268
-574.3733843080165 62.58282801639359 4897.81063751499 -380.1517780188062 -499.4375050259189 727.0490013803767 238.376750740405 -918.1795388869201 -205.6498725702424 26.129170726862952 -247.91520313147657 815.070167612439 39.6089507161646 91.0581936450973 123.8029915135341 -271.5662862758268 367.9831923981204 -1205.992647377764 -341.67339114632534 -84.43595770111958 865.3543306671777 -545.2327107673203 -723.4210378966862 -603.8134492455544 -636.8032316097674 -394.56103754154464 167.2444130776194 898.1898220677092 685.5436254892679 80.56772478212156
-1038.8091777102736 125.74758432625072 -380.1517780188062 4012.8344669030093 98.69759757701496 -17.521617888961828 -781.6390270519228 -370.21849834800514 -216.44744445060806 321.8280992673332 -447.4861024157789 -552.0690150870149 -183.71521897690428 -581.6537312036803 339.0064674550541 745.8696884817042 -515.4109078380403 -588.3327547078151 -445.96678176272985 -321.0882431623017 -784.874340088075 528.5120179561684 312.4828181347005 160.59464647442414 -452.4114918268242 -281.78350364223525 -173.33794496319632 204.9021134491628 283.8782174425031 71.0285540131267
354.8357132930422 -432.27218372386073 -499.437505025919 98.69759757701502 3890.4327209385906 -312.65789454168635 476.187064592097 -913.4866362449488 553.5907184825063 256.50708775056 391.140704367774 -355.10706457345793 -272.4633537383202 -132.46530075540363 -100.50162298359635 -173.9206589507023 183.7318503812917 -737.1484520898141 110.88156495533474 86.23498704677885 410.94234209887105 -226.84704136807602 44.661357906710535 -301.63732138090694 -476.3609285526248 -751.5976803088913 -377.83342275735663 -161.89859838659865 -150.2218486006107 82.09135644992209
-188.00241943782788 -517.8268865531752 727.0490013803768 -17.521617888961828 -312.6578945416864 4695.926108048586 -94.9454935863049 -816.0637455735239 83.78214225411497 -1378.4306546619482 560.3878340914457 -111.58265070652857 494.56072625047074 -902.6401209312176 -558.4804569006666 358.0873229730449 261.5881716893341 -574.0671356955569 158.85614475946642 3.6827560307058462 -305.8427796961602 -280.4780558158543 -94.16887374841107 -54.91363570120663 -686.0016210388509 -229.39591660460303 -185.8283943972599 -461.9065286902378 -297.15418867881715 7.3621107834186965
-528.6114503597728 161.5855824456204 238.37675074040493 -781.639027051923 476.187064592097 -94.94549358630502 5441.147193527763 362.90986893656924 -273.3613142881814 -96.74216551260429 645.1031481099136 -306.8858530507064 -691.8783926778614 -119.02608847229854 16.444387033763974 -303.9024529457552 -1385.3445394677915 -555.0177036902254 120.85827248384896 801.0224173956449 -95.33491148619368 89.58843712529159 125.66736722062555 -617.4103880580171 -321.3714759340269 -284.43693714565495 -1447.0533585264952 -753.458590617386 294.19639175623706 93.03627526591886
246.53898407885995 -459.2890389762122 -918.1795388869201 -370.218498348005 -913.4866362449488 -816.0637455735241 362.90986893656924 5429.2509256995045 353.5896286760643 -430.3222730452032 -63.7975058657116 21.930682953469457 -233.4396543610188 -154.95831152508904 569.8868665368493 -691.813352773941 201.91701878855423 -534.0503837365542 -278.14499319386147 -565.4595122945016 -743.4822705487303 99.43397960219701 44.03406521385722 -41.38260612538861 -210.3204253024215 -167.91099008360925 385.16983783422256 -1103.766081840264 460.7161020753739 58.447214599682006
-619.8310856217705 -332.88544769210523 -205.64987257024245 -216.44744445060815 553.5907184825062 83.78214225411492 -273.36131428818146 353.58962867606414 4346.071337813677 -591.3841688130922 -62.92913919896277 -170.8154032986787 571.769734770803 -460.3420073880156 -682.0431247708341 -201.34632988062913 -283.74433177974237 265.9132990487647 312.12135499139833 332.3147970183472 -668.0484405736747 100.61489094229825 -590.4001567583348 -387.4730610888032 -335.82641605389176 -514.1059871869699 586.3478174488406 -36.9144896260465 -187.35084976917028 45.60046729773918
238.43449106322686 684.6092696534984 26.129170726862853 321.8280992673331 256.5070877505599 -1378.430654661948 -96.74216551260437 -430.322273045203 -591.3841688130924 3802.0205868350863 -321.9781541027431 236.57501411420316 239.18352363110168 -935.119224548585 223.4896935097301 -384.86369238279 152.17718945240054 163.91810479549895 -695.9624070693449 179.74779162028338 177.96818167095282 531.3307997232778 129.0673619091215 29.498340298927076 -949.5275905454266 -413.461667982968 540.3169347086277 -619.855879131066 -1101.3782468139939 32.569502782777214
-132.76073565705963 -525.7096733851326 -247.91520313147635 -447.48610241577904 391.1407043677739 560.3878340914458 645.1031481099136 -63.79750586571154 -62.929139198962744 -321.97815410274296 5972.946234551205 -242.04438468114353 822.0094435738941 -1022.0138219144849 -669.0918008578149 -640.9966763203602 -169.02092046807877 -85.42994354417652 -1071.0768042059399 -556.7130091436408 213.73566827444 -71.86364212085377 -109.90892209736712 108.08380231795252 -943.5582569374021 -597.1767481764919 -62.19459603339533 102.00525607241366 664.6188005045717 9.716744588753745
245.6566360723981 -352.0338770767479 815.0701676124388 -552.069015087015 -355.10706457345816 -111.58265070652868 -306.88585305070654 21.93068295346957 -170.8154032986788 236.57501411420333 -242.04438468114375 5030.528547362158 -951.9576719114302 500.23072127246303 -750.5027347770697 -58.28193520247999 164.82890461737946 -59.15760912338244 -475.0549293024976 -403.76812771614743 -453.183143088028 -14.408467236155559 -633.8177926540063 2.6894122047037 -969.9499143515579 219.2790552284792 -223.50091487145238 -611.8120625502602 1069.0394950144835 45.119319869321295
-64.10326109165288 -469.72905915651563 39.608950716164685 -183.71521897690417 -272.4633537383202 494.5607262504706 -691.8783926778614 -233.43965436101885 571.769734770803 239.18352363110168 822.0094435738939 -951.9576719114305 3940.714727372837 -334.94149701025407 82.11998415319417 -220.3415072646283 -195.7022488115663 433.3040579828227 -509.22284423396343 -260.358721761114 415.0194621532383 -779.4649918643695 -1160.9221071257414 -253.1373319047135 851.6125538492216 -688.6394349475311 75.54619704617728 202.8155884603026 -452.64410247367283 78.62952632687853
-62.030072206993125 -455.7737726634632 91.05819364509742 -581.6537312036803 -132.46530075540363 -902.6401209312178 -119.02608847229854 -154.95831152508913 -460.3420073880155 -935.1192245485851 -1022.0138219144849 500.2307212724629 -334.94149701025424 3383.1684524045772 -321.0196310828904 -73.13955508399607 67.65455539645504 321.11121682830674 342.19033371571436 479.2777957288315 527.2509439722544 -20.480331517856893 -351.6945926263504 295.5618941910976 -525.087131541166 -405.07079211602843 231.40106200118836 199.0450333744158 298.6046383602584 88.78139125712822
-719.5227360756587 -8.690061507195082 123.80299151353398 339.00646745505435 -100.50162298359629 -558.4804569006666 16.4443870337642 569.8868665368494 -682.043124770834 223.4896935097301 -669.0918008578147 -750.5027347770696 82.11998415319417 -321.0196310828903 4835.657946280474 -249.02544654332644 -140.9131605935973 197.53999220382084 -1080.5616409413556 -1342.6450362840155 -711.9980445099106 164.9688221357655 -782.7906469255012 774.3263829118043 -232.9476825476561 580.8917074953856 248.2251608119916 341.12122666208813 194.95992937302606 18.525046829052847
45.41670783651548 -270.6624992002993 -271.5662862758268 745.8696884817042 -173.92065895070238 358.08732297304454 -303.90245294575533 -691.8133527739411 -201.34632988062924 -384.86369238279 -640.9966763203599 -58.28193520248005 -220.34150726462838 -73.13955508399607 -249.0254465433264 3669.988713678412 738.188579250434 -586.4973535246193 424.08655082893716 -726.0405712021595 590.220978752364 615.2185175926145 -48.207968136681444 -437.4385651458721 293.0043511763567 770.6393701163653 -47.862871516298824 -1035.78769670816 -1093.7249921905454 73.21835947686021
133.2955492517202 -232.10618244807563 367.9831923981204 -515.4109078380403 183.73185038129182 261.5881716893342 -1385.344539467792 201.91701878855423 -283.74433177974237 152.17718945240063 -169.02092046807877 164.82890461737946 -195.7022488115665 67.65455539645498 -140.91316059359724 738.188579250434 4466.125426778755 747.7421379501037 94.04347016059648 -557.6466883063439 -543.9927117650386 -689.39226970814 -89.5716231848125 68.51428709643776 -1216.6107353743012 -284.16420974123275 -447.76633755891845 -862.3624158661552 -192.65441537881742 37.37516565189627
-184.39423175807175 -185.6317571610108 -1205.992647377764 -588.3327547078151 -737.1484520898141 -574.0671356955571 -555.0177036902255 -534.0503837365541 265.9132990487646 163.91810479549898 -85.42994354417641 -59.1576091233825 433.3040579828227 321.11121682830674 197.53999220382093 -586.4973535246195 747.7421379501037 4570.831663222673 1040.902981389052 -72.51129043175399 -649.6494641018879 117.29017647680821 72.68854976386993 39.81596057612478 -307.0042315057922 643.3492880238276 -961.5122029492946 -215.42364109990532 -353.6458162095331 42.6745144448138
950.9454535633672 -567.0790230847119 -341.6733911463251 -445.96678176272985 110.88156495533468 158.85614475946642 120.85827248384851 -278.1449931938614 312.1213549913985 -695.9624070693449 -1071.0768042059399 -475.0549293024976 -509.22284423396343 342.19033371571436 -1080.5616409413556 424.08655082893694 94.04347016059648 1040.902981389052 5648.019496063077 -856.6984827025292 -69.27391487123691 322.7902779605077 -575.3169437050103 -421.5028727599595 -383.65563400740996 -778.7270355131973 -142.89203879940226 -407.09155453743097 -191.1592538427048 39.2787126139773
-440.1511128801847 -45.99900925122725 -84.43595770111946 -321.08824316230164 86.2349870467789 3.6827560307058462 801.0224173956447 -565.4595122945018 332.31479701834724 179.74779162028344 -556.7130091436409 -403.76812771614755 -260.35872176111394 479.2777957288314 -1342.6450362840155 -726.0405712021594 -557.646688306344 -72.51129043175389 -856.6984827025292 5324.841556584804 96.08540893788597 119.23143846945418 488.44648090197876 222.67206770741518 -11.001570756575404 -746.4868737890885 -47.650626651652445 444.41031984648816 -443.6872865078945 82.18680170439457
-202.70769639866415 -407.7539764373711 865.3543306671777 -784.8743400880751 410.942342098871 -305.84277969616045 -95.33491148619356 -743.4822705487305 -668.0484405736747 177.9681816709529 213.73566827443983 -453.1831430880281 415.01946215323835 527.2509439722546 -711.9980445099108 590.220978752364 -543.9927117650386 -649.6494641018879 -69.27391487123703 96.08540893788587 5142.075248594123 -296.4056590207738 428.4751593582516 -581.8869082349704 -552.197397189137 219.49297697104646 30.51292939759196 -1103.9802446267167 -821.6148507921687 83.42000487212673
-1136.848272680358 413.07319017064833 -545.2327107673203 528.5120179561684 -226.8470413680759 -280.4780558158542 89.5884371252917 99.43397960219698 100.61489094229819 531.3307997232779 -71.86364212085365 -14.408467236155843 -779.4649918643694 -20.480331517856854 164.96882213576544 615.2185175926145 -689.3922697081402 117.29017647680814 322.7902779605075 119.23143846945415 -296.4056590207738 3688.020766439409 -713.1315135430176 -52.26537965579313 -464.9227083650208 -86.22424249699637 -542.1280438398687 -305.74250161725735 -869.4710589186008 11.313303843094214
576.35637099898 658.036441672547 -723.421037896686 312.4828181347006 44.66135790671048 -94.16887374841113 125.66736722062565 44.034065213857104 -590.400156758335 129.0673619091215 -109.90892209736722 -633.8177926540063 -1160.9221071257414 -351.6945926263504 -782.7906469255012 -48.20796813668137 -89.57162318481255 72.68854976386989 -575.3169437050103 488.44648090197876 428.4751593582516 -713.1315135430177 3627.7836881452713 -72.06366280178781 -543.8770440932815 -22.92675161981289 -6.71836920711425 -291.80597962335924 -198.38195758928964 76.25822934435479
-602.3982016774529 -592.0209211238854 -603.8134492455544 160.59464647442417 -301.63732138090677 -54.9136357012068 -617.410388058017 -41.38260612538861 -387.4730610888033 29.49834029892716 108.08380231795263 2.6894122047037854 -253.13733190471345 295.5618941910977 774.3263829118041 -437.4385651458721 68.51428709643787 39.81596057612473 -421.5028727599593 222.67206770741558 -581.8869082349704 -52.265379655793254 -72.0636628017877 4390.148156090009 -110.22721877788763 -250.3446223551286 -1012.0362582651769 420.8218927802453 -528.5016477132136 63.0209794959256
638.5035703738735 418.9433137833882 -636.8032316097676 -452.4114918268241 -476.3609285526247 -686.0016210388509 -321.37147593402665 -210.3204253024216 -335.8264160538914 -949.5275905454267 -943.5582569374022 -969.9499143515578 851.6125538492215 -525.0871315411662 -232.9476825476561 293.0043511763565 -1216.6107353743014 -307.0042315057921 -383.6556340074101 -11.001570756575319 -552.197397189137 -464.92270836502075 -543.8770440932815 -110.22721877788769 5414.669360440804 423.62058809629116 786.4932739604151 416.40782591082086 64.92978381304363 29.201533271787838
-540.6826007627088 -408.33647367463453 -394.5610375415445 -281.78350364223525 -751.5976803088913 -229.3959166046032 -284.4369371456549 -167.9109900836092 -514.1059871869697 -413.4616679829678 -597.1767481764919 219.27905522847914 -688.6394349475311 -405.07079211602843 580.8917074953857 770.6393701163653 -284.1642097412327 643.3492880238277 -778.7270355131973 -746.4868737890886 219.49297697104606 -86.22424249699642 -22.926751619812947 -250.3446223551287 423.62058809629116 4841.2188042721555 -136.6402270116988 371.15848198016306 126.96839985317109 72.77576062372314
-428.6084935867503 -275.6318545174007 167.2444130776193 -173.33794496319632 -377.8334227573567 -185.82839439725984 -1447.0533585264952 385.16983783422256 586.3478174488408 540.316934708628 -62.19459603339533 -223.50091487145238 75.54619704617731 231.4010620011884 248.2251608119915 -47.86287151629894 -447.76633755891845 -961.5122029492944 -142.89203879940226 -47.65062665165256 30.512929397591734 -542.1280438398687 -6.71836920711425 -1012.0362582651771 786.4932739604151 -136.64022701169904 5553.659134815536 300.69070507496826 -1010.7400006528754 63.03535387471308
-444.48177239788305 483.7909290816722 898.1898220677092 204.90211344916264 -161.89859838659865 -461.9065286902378 -753.4585906173859 -1103.766081840264 -36.91448962604649 -619.855879131066 102.00525607241354 -611.8120625502601 202.8155884603026 199.0450333744157 341.12122666208813 -1035.78769670816 -862.3624158661552 -215.42364109990532 -407.0915545374312 444.4103198464884 -1103.9802446267163 -305.7425016172572 -291.8059796233592 420.8218927802453 416.40782591082086 371.15848198016306 300.6907050749681 4193.593855598831 303.50454221615826 28.30360605948885
226.51521602482285 -739.3944819003655 685.5436254892678 283.8782174425029 -150.2218486006109 -297.154188678817 294.1963917562368 460.7161020753741 -187.3508497691703 -1101.378246813994 664.6188005045717 1069.0394950144835 -452.6441024736727 298.60463836025843 194.959929373026 -1093.7249921905454 -192.6544153788174 -353.64581620953294 -191.1592538427048 -443.6872865078944 -821.6148507921685 -869.4710589186008 -198.38195758928964 -528.5016477132136 64.92978381304357 126.96839985317101 -1010.7400006528753 303.50454221615814 4227.393419337777 86.64868857302187
29.154423495255106 18.562297827916133 2.012336710399533 58.02648908849206 12.618069475292096 67.51347184912971 41.09206949823188 36.467362138565036 56.10388988080981 73.46013057776477 41.436164221662985 45.91249923195908 18.359774611031142 71.99015274028599 50.51063315690711 0.807000378389021 63.069282332535025 6.412571574954765 45.88655242724662 22.234480709264943 53.481239891605036 34.45749973257576 50.04685353401188 16.041249323293496 75.5625994194798 36.806364749087045 4.342359970497109 52.85523144241138 18.73459742594540

29.150419 18.559744 2.012071 58.018421 12.616328 67.504051 41.086372 36.462276 56.096073 73.449844 41.430370 45.906101 18.357254 71.980087 50.503574 0.806880 63.060520 6.411688 45.880157 22.231394 53.473797 34.452744 50.039867 16.039047 75.552040 36.801258 4.341794 52.847874 18.732010 