3852.6200944028865 31.83873475959929 97.38390893594152 534.3903761385737 -444.5465203619208 -416.21343820381924 242.30553145178845 646.4019767958998 129.4189216809439 -950.6353774054751 -389.3132694023332 75.32110590235834 -529.437164211912 -396.82375167918036 -857.6506493855466 867.2616729613152 -59.54405130704874 -607.2224430588492 -746.9621442915047 239.29552490726473 -1098.885972726668 88.30531667954871
31.838734759599237 4053.001604217384 -1234.4342590015278 -608.4623857349361 477.4131131010928 -171.73815866114472 -382.8773539086476 -926.5574461829343 -302.922008418848 559.668218013539 -511.50317267204986 -210.71619520764148 123.56123483407247 -1016.6893116085398 -478.9312348266714 120.43803679079558 -396.80981976549674 220.566388033753 46.89458580692359 -110.27564410878695 -210.41591764294287 96.59502344009356
97.38390893594152 -1234.434259001528 4672.637422525608 -844.005817774417 999.2740692056291 -424.37914556110434 -383.49518493103756 606.8729634936565 -118.05758792316249 -967.5461864073188 -659.1958997269165 -15.727470176562463 247.05009349007685 -465.7240143417142 -258.8267827917549 -174.3967624725026 -384.95591578202846 -458.5783311848122 -820.0603057365328 287.78721015436525 -108.52839387376616 19.027334767249936
534.3903761385737 -608.4623857349364 -844.0058177744168 4115.775391737942 -676.9408175174349 -252.18343898947984 -454.5051808797549 -488.5280462275641 285.72611979083877 871.2659688178097 -19.6153871331302 -1722.4163220807372 163.57427604525287 145.69523234903414 188.86439831618497 -131.8321058709984 -350.0121887594768 -599.7690377206916 -464.2639075525375 -880.3801774587778 966.699333560301 99.56477088514578
-444.54652036192084 477.4131131010928 999.2740692056291 -676.9408175174349 3501.5996070145684 -1213.9162937563883 -427.69692518139965 -690.7434966882838 510.47334498184097 -188.82879988263292 24.648720520952757 -667.4543103128005 76.03679213382719 -73.28679486246915 44.7474528384804 -187.50534801998117 -77.66538179125587 592.0012806784217 -259.1565197724578 -351.0939394206763 39.14846532395785 30.864209035670175
-416.2134382038191 -171.73815866114484 -424.37914556110434 -252.18343898947995 -1213.9162937563883 4171.995648118123 -654.0681217327389 141.58487361652772 295.2766784927453 -135.15688079849838 -752.4344598805596 47.420679231829865 265.39684800315007 334.2110846916305 -338.39964031682143 -19.28816019074064 188.63012281604557 166.51312598287598 520.0599060972584 254.1143342794615 -925.3495642380515 10.352240757885534
242.3055314517884 -382.8773539086476 -383.49518493103756 -454.5051808797548 -427.69692518139965 -654.0681217327389 4928.341916566565 -659.8367216008735 -727.252509659438 -1053.4918383632858 -101.92274779165086 -116.29866631218061 129.5820964915431 59.43675790321822 -798.0978223215126 -194.71800255652332 -216.30109778876957 438.8519905328082 167.54070005897103 -46.93023836849295 -36.95912926012761 56.94034068006212
646.4019767958998 -926.5574461829342 606.8729634936567 -488.528046227564 -690.7434966882839 141.58487361652783 -659.836721600874 3861.781982376612 -1306.7360960380804 -386.67339272554705 292.81112537448246 248.33154806406975 707.3048346886981 319.7474846855132 -1273.2742926202577 -482.6334369967587 404.1647152276019 -998.249313103833 219.8153669885666 -558.9815465248575 92.57685260997641 39.2812303304499
129.41892168094387 -302.922008418848 -118.05758792316249 285.72611979083877 510.47334498184097 295.2766784927453 -727.2525096594381 -1306.7360960380802 4198.495546694859 -143.6071769870975 561.0563834133332 -49.46083299527476 -99.34489447232068 -581.5995442203235 152.91690411741396 -27.78368917339796 -511.2419990554534 -430.8945068785235 183.34372647861335 -824.4409639145849 -122.44740078639074 13.525605790890982
-950.6353774054751 559.668218013539 -967.5461864073187 871.2659688178098 -188.82879988263304 -135.1568807984981 -1053.491838363286 -386.6733927255468 -143.60717698709766 3879.6448696317257 -188.4886660209266 -629.1489211908935 -58.327139507351035 -308.5689136619483 7.137657577793789 -293.6087363419893 478.5520382656365 -610.3666314855095 -811.8091661918272 -322.0290741570833 -428.44628731813714 14.453104016827755
-389.3132694023333 -511.50317267204997 -659.1958997269164 -19.615387133130156 24.64872052095274 -752.4344598805594 -101.92274779165086 292.81112537448246 561.0563834133332 -188.4886660209266 2453.063454268101 50.25334619148413 -245.01337494210702 681.0322267075161 605.2135730135249 -383.4517123400702 -65.22765174959764 -787.382845553926 -29.525265154692647 153.62515085287538 -746.8264086383062 78.35801828347536
75.3211059023582 -210.71619520764165 -15.727470176562633 -1722.4163220807372 -667.4543103128007 47.42067923182992 -116.2986663121805 248.33154806406952 -49.4608329952747 -629.1489211908936 50.2533461914841 3616.8635451891428 -807.7590966088727 229.79171636124266 -210.93839959692912 -358.13018394716437 134.90476418737836 69.09648971160044 587.9547781577528 -144.8539664958032 -243.48102366748878 8.345105435940514
-529.4371642119122 123.56123483407258 247.05009349007702 163.57427604525276 76.03679213382712 265.3968480031501 129.58209649154293 707.3048346886981 -99.34489447232079 -58.327139507351205 -245.013374942107 -807.7590966088729 4387.095123768316 -2091.3372140446468 -95.03510066474243 -285.46357858076493 -90.64051739523156 -569.2838089509141 794.2732256196064 -94.59563134715643 -532.4235109181446 5.311291416867203
-396.82375167918036 -1016.6893116085398 -465.72401434171445 145.69523234903414 -73.28679486246915 334.2110846916305 59.436757903218336 319.747484685513 -581.5995442203235 -308.5689136619483 681.032226707516 229.79171636124255 -2091.3372140446468 4071.412228444607 -380.6258229382099 564.5824667253612 485.267726308196 -42.611836093068 -917.0853390141164 168.0021814926776 474.8277375823705 58.184637504250816
-857.6506493855464 -478.9312348266717 -258.82678279175485 188.86439831618486 44.7474528384804 -338.39964031682143 -798.0978223215127 -1273.2742926202577 152.91690411741394 7.137657577793732 605.213573013525 -210.93839959692895 -95.03510066474226 -380.6258229382099 4527.396001798718 372.19197187794975 111.15547222831836 630.5308437501715 -668.3657071994905 446.1478979230314 -484.3933660156314 78.65074341856206
867.2616729613152 120.43803679079558 -174.39676247250264 -131.83210587099816 -187.5053480199811 -19.288160190740527 -194.7180025565231 -482.63343699675875 -27.783689173397967 -293.6087363419893 -383.4517123400702 -358.13018394716437 -285.46357858076476 564.5824667253611 372.1919718779497 4325.420643688922 -767.1287840276455 -302.77187910229793 -129.0089933555713 -73.9163477081219 -163.61782051728858 28.87601022603358
-59.5440513070488 -396.80981976549674 -384.9559157820285 -350.0121887594767 -77.66538179125598 188.63012281604546 -216.3010977887699 404.16471522760185 -511.24199905545316 478.5520382656365 -65.22765174959765 134.90476418737848 -90.64051739523133 485.26772630819636 111.15547222831847 -767.1287840276455 5314.919818206001 -103.12976339349208 -1152.0833575530455 -56.9952752819074 -524.7790595299919 57.46854115071899
-607.2224430588492 220.5663880337529 -458.57833118481227 -599.7690377206916 592.0012806784218 166.513125982876 438.8519905328082 -998.2493131038332 -430.8945068785235 -610.3666314855094 -787.382845553926 69.09648971160048 -569.2838089509141 -42.611836093068 630.5308437501714 -302.77187910229816 -103.12976339349203 3535.9962487283774 -350.87962996304674 545.7961242165593 6.922309072176176 3.502662196474582
-746.962144291505 46.89458580692359 -820.0603057365328 -464.2639075525374 -259.1565197724578 520.0599060972584 167.54070005897108 219.8153669885666 183.3437264786134 -811.8091661918272 -29.52526515469262 587.9547781577528 794.2732256196064 -917.0853390141164 -668.3657071994904 -129.00899335557125 -1152.0833575530455 -350.8796299630468 4073.920436822897 566.1811580501409 -617.2523281927749 4.8579765516309825
239.29552490726485 -110.27564410878695 287.78721015436514 -880.3801774587777 -351.0939394206763 254.11433427946145 -46.930238368493065 -558.9815465248575 -824.440963914585 -322.0290741570832 153.62515085287555 -144.85396649580332 -94.59563134715654 168.00218149267755 446.1478979230314 -73.91634770812165 -56.99527528190748 545.7961242165592 566.1811580501409 4522.932677317528 -1554.3639351687948 38.67917327075657
-1098.885972726668 -210.4159176429429 -108.52839387376639 966.6993335603009 39.14846532395788 -925.3495642380512 -36.95912926012738 92.57685260997653 -122.44740078639052 -428.44628731813737 -746.8264086383062 -243.48102366748878 -532.4235109181448 474.8277375823706 -484.3933660156314 -163.6178205172888 -524.7790595299915 6.922309072176333 -617.2523281927749 -1554.363935168795 4570.585738481095 38.46075924111617
60.37037813460505 30.676649434862426 49.33368407196359 4.371422128670121 5.832764855307947 31.07506283975796 23.57754407233437 4.93690717860404 7.929754804579188 58.58909573572737 60.52304038208371 13.599086765260816 24.261945673335834 27.58101919566068 25.724084957429046 6.714646276256451 16.797952812903013 40.834099230849354 47.632757254985094 2.7323881794672458 50.9889444582444

60.381031 30.682035 49.342373 4.372170 5.833784 31.080534 23.581692 4.937761 7.931153 58.599422 60.533688 13.601464 24.266237 27.585896 25.728619 6.715817 16.800909 40.841293 47.641155 2.732859 50.997921 