5021.57660700071 -1107.3435040015388 -615.8008021002704 419.3899695278864 -452.7655987871848 -1572.274476180839 -479.89652906476636 -371.7093137272301 112.69649904907547 805.7448257114984 1024.0014374561501 -525.7588437689432 -281.8841514250248 6.168566825553445
-1107.3435040015393 5040.4378552943235 1252.2796488717063 -743.1947853250306 -680.4678507000426 429.13137975567537 391.44407580208934 1331.2393596569711 -2610.3986554960434 1361.494803465674 -1281.0715402950627 -478.60665948795145 -1482.989602055858 43.27081162318991
-615.8008021002704 1252.2796488717065 3983.463520502969 -646.9750145625587 -1370.8030344525837 -556.9744867600064 -128.5482024407783 -369.22853611112606 41.27618221159827 110.84395804705434 -344.76581307606267 -204.63742128679104 -1127.3365874010035 15.197237745083935
419.38996952788654 -743.1947853250304 -646.9750145625585 4158.491049830231 -780.2963624711795 699.6874485462256 -421.02279851998304 304.24350793698136 -143.37941085172773 120.31621887120798 -1674.1436910937052 59.81383476605784 564.9617780603369 60.735367651416304
-452.7655987871849 -680.4678507000426 -1370.8030344525837 -780.2963624711796 4637.8853357586295 98.5281446293088 137.9050722541425 753.6679648980323 -353.3153751386181 -1759.6315471653497 -226.4060980288154 -836.4066774798787 -796.4510013569811 67.12643986546344
-1572.274476180839 429.13137975567537 -556.9744867600065 699.6874485462258 98.5281446293087 4994.12845366476 -2.8086750888961234 -1191.3703829114907 -832.6632229750581 -34.22171427868449 313.49974724921117 -1341.6313110136357 -157.18286455302672 84.69684519719539
-479.89652906476636 391.4440758020892 -128.5482024407782 -421.0227985199828 137.90507225414262 -2.8086750888961234 5163.738505905592 -168.8571103074682 117.41552473128587 -1257.6362822079027 171.59454628402693 -856.8177889822031 -1013.1192642340859 70.04882426870867
-371.70931372723 1331.2393596569711 -369.22853611112606 304.24350793698125 753.6679648980323 -1191.3703829114907 -168.8571103074682 4174.904810030256 -1221.3532083513305 -236.8792086979425 -1030.8532130930353 181.98999709941407 -127.70861759806985 49.078051022281514
112.6964990490757 -2610.3986554960434 41.27618221159827 -143.3794108517277 -353.3153751386179 -832.6632229750581 117.41552473128601 -1221.3532083513305 5353.482419004215 274.88867071718647 -1330.9570627100627 973.0715103886573 -1444.9471776262874 48.0875872424706
805.7448257114984 1361.494803465674 110.84395804705434 120.31621887120798 -1759.6315471653497 -34.22171427868449 -1257.6362822079025 -236.87920869794243 274.8886707171864 5042.215597742303 -669.2591566714058 -927.7766021317528 -1418.0935021614966 93.89922379947564
1024.00143745615 -1281.0715402950627 -344.7658130760628 -1674.143691093705 -226.40609802881562 313.4997472492113 171.5945462840269 -1030.853213093035 -1330.9570627100625 -669.2591566714053 5050.893752252867 -798.5470993887676 -800.3622427402742 95.0915230454678
-525.7588437689429 -478.60665948795145 -204.63742128679115 59.81383476605818 -836.4066774798787 -1341.6313110136357 -856.8177889822032 181.989997099414 973.0715103886573 -927.7766021317528 -798.5470993887672 4622.030729946884 -290.7212681391377 90.5265242347243
-281.8841514250249 -1482.9896020558576 -1127.336587401003 564.961778060337 -796.4510013569811 -157.18286455302683 -1013.1192642340861 -127.70861759806974 -1444.9471776262878 -1418.0935021614969 -800.3622427402743 -290.7212681391377 7763.251363066267 77.25552735362794
17.206253542713636 80.967924781095 46.492263296664284 61.49730362483327 80.33650107448676 20.191228497565845 26.187178148341008 15.939839809946083 80.94920352565565 42.82823679197138 90.08666868983822 47.43522067335244 64.6622337498142

17.212833 80.998970 46.510052 61.520878 80.367287 20.198956 26.197206 15.945930 80.980247 42.844631 90.121193 47.453381 64.687012 