239.7946551820744 8.028643261369258 -83.05625699141905 -17.579137823682913 -44.77556035259178 -64.58276145017179 -0.7055754909053142 36.405621297307675 22.834478170121447 -55.10465482600706 12.917195783338485 -53.69432356242971 -14.673476823695985 -12.015186404099175 4.1384256899639436 13.074140790075994 -13.249665485918548 -23.0625063162326 -37.03283610214888 24.48478453673355
8.028643261369261 233.04672076124587 -27.78661414162389 -24.15856741600634 0.3510235430828361 -59.05557090407844 3.9647281819651443 -44.38687108044315 -2.67636849782134 -22.82690112849706 -1.5449742953937307 33.30482759742938 -5.814187660885851 9.8610496685213 11.256936729775425 -46.64163131683012 6.572584782338977 -46.86210294689977 -7.748750392713838 93.48551161658452
-83.05625699141905 -27.78661414162389 216.48222924771966 -43.99584727490199 26.69814698374582 -56.289715095979034 -40.325667307875136 15.620148092069396 -6.653067720894272 16.722964290436547 36.63605174030333 46.45183550083736 -19.30342785528547 11.38629674534641 -3.8486649351256084 -7.364375930277459 -18.87226280220303 -19.51132686242804 -38.24614703904698 25.264770584017416
-17.5791378236829 -24.158567416006342 -43.99584727490199 263.1825300469176 22.03806386766473 50.61047147437626 -39.06201284419376 -12.00433582267302 -13.214013355399757 42.594898598233826 -26.966495161431492 -17.288351353219365 28.763396501631483 -7.359983551098221 -46.73410155629405 -77.6764433302249 14.542909974843386 -17.48456613381409 -12.137752717166158 95.31661505297005
-44.77556035259177 0.3510235430828432 26.69814698374582 22.03806386766473 279.0999296482467 -3.610430353663453 -69.50738644342148 -29.3895306725011 -18.46633970364134 -58.620915749210525 -14.959005137862585 -3.5056633063089055 -50.37502743363471 39.34684465868043 -55.19131597652392 6.938098499454485 9.527679101436444 2.263939767593725 12.869743472283096 97.3937825337695
-64.58276145017177 -59.05557090407844 -56.289715095979055 50.610471474376276 -3.6104303536634443 304.7376073043539 -39.865222668007696 25.306484605140867 7.291499618252978 21.628736732174744 21.6519284968817 13.614256992909636 -17.898427734829244 2.318497746509589 -1.759983038524771 -20.195718679163384 -68.19026288544212 -9.571041629984013 -46.08203944456447 36.353889849180234
-0.7055754909053107 3.964728181965148 -40.32566730787515 -39.06201284419376 -69.5073864434215 -39.865222668007696 250.8393428498251 0.5848539312679604 38.40831066305171 -23.309831147794092 -23.242457548991123 18.917293780505467 -14.846608967074284 8.437877936219264 -18.47562824761042 -4.165870216158449 70.99806419294802 -18.766852324199334 12.481575552266424 57.24868089940946
36.40562129730767 -44.38687108044315 15.62014809206939 -12.004335822673028 -29.389530672501092 25.30648460514088 0.5848539312679533 247.87148974756425 -64.75308251520406 -32.10592809060216 23.91144194493868 14.078714534163204 -28.392436332747028 -31.13964122215557 -66.72501526301593 -37.738746972246496 -30.092533253276557 -1.3093502790229121 -57.33623543016276 35.92969598677317
22.834478170121447 -2.6763684978213345 -6.653067720894273 -13.214013355399764 -18.466339703641342 7.291499618252985 38.40831066305171 -64.75308251520406 211.94634239517978 -91.8697950517321 5.145836862696278 16.265618367254117 -4.514531761973046 -26.30429430564697 -32.50092809517014 15.158166553051878 -60.38988952831103 32.92309499933444 -44.023864157040286 68.6026218907545
-55.10465482600705 -22.826901128497063 16.72296429043654 42.59489859823384 -58.620915749210525 21.628736732174744 -23.309831147794092 -32.10592809060216 -91.86979505173208 296.26454765050187 -109.68588339649675 -34.15456790012915 13.767323882024328 -4.937767647823485 -12.017262332152995 -27.54158102823928 35.98935685868189 -20.46250211856621 55.42729760360393 64.23688741788726
12.917195783338467 -1.5449742953937324 36.63605174030333 -26.966495161431514 -14.959005137862585 21.651928496881705 -23.24245754899112 23.911441944938677 5.145836862696278 -109.68588339649675 212.00978984190652 -28.968282280107857 -33.42484500087229 6.389917442803728 33.020490671991325 -32.86115132877402 19.58574311438445 -41.093669431071646 -34.17255985652198 30.134846391603464
-53.694323562429716 33.30482759742937 46.451835500837376 -17.288351353219362 -3.5056633063089118 13.614256992909638 18.917293780505467 14.0787145341632 16.265618367254117 -34.15456790012913 -28.968282280107843 236.8500470330254 -2.1264202380215993 -79.20540842522345 -0.5068895326228144 -13.443335508468373 -37.4293450907099 -9.327343022062658 -23.593073152637526 60.48472992784962
-14.673476823696001 -5.814187660885855 -19.30342785528547 28.763396501631487 -50.37502743363473 -17.89842773482925 -14.846608967074284 -28.392436332747046 -4.514531761973048 13.767323882024328 -33.42484500087229 -2.1264202380215993 235.22653519282366 -22.053890248196836 32.49681219595285 6.2778940901386395 -84.15400933643697 -40.22106146700219 -55.58049944891196 14.146452294242984
-12.015186404099179 9.861049668521296 11.386296745346417 -7.3599835510982174 39.34684465868043 2.3184977465095855 8.437877936219262 -31.13964122215557 -26.304294305646962 -4.937767647823463 6.389917442803721 -79.20540842522345 -22.05389024819683 229.51149995059205 -5.360824536492853 -46.2361993361089 -8.023790524141045 -43.897849402630186 54.291016758758445 79.49688112335286
4.138425689963935 11.256936729775425 -3.848664935125607 -46.73410155629405 -55.19131597652392 -1.759983038524778 -18.47562824761042 -66.72501526301593 -32.50092809517013 -12.017262332152992 33.020490671991325 -0.5068895326228073 32.49681219595285 -5.360824536492852 317.10550545081367 -25.253805101141843 -28.372778502055446 -40.87131150368968 -6.124570975631169 85.88620502666645
13.074140790075983 -46.64163131683012 -7.364375930277458 -77.6764433302249 6.938098499454469 -20.195718679163367 -4.165870216158456 -37.7387469722465 15.158166553051878 -27.54158102823925 -32.86115132877403 -13.443335508468369 6.2778940901386395 -46.2361993361089 -25.253805101141857 308.08840591144855 19.817091922869405 62.694529953480114 14.208502065465026 76.59444363757328
-13.249665485918552 6.572584782338971 -18.872262802203043 14.542909974843386 9.527679101436444 -68.19026288544212 70.99806419294802 -30.09253325327655 -60.38988952831103 35.98935685868188 19.585743114384442 -37.429345090709916 -84.15400933643697 -8.023790524141056 -28.37277850205546 19.817091922869412 251.59627930869286 -31.0132621493023 -10.421208693501846 12.402970983686789
-23.062506316232607 -46.86210294689977 -19.511326862428035 -17.48456613381409 2.263939767593712 -9.571041629983998 -18.76685232419933 -1.3093502790229068 32.923094999334445 -20.462502118566213 -41.093669431071646 -9.327343022062658 -40.22106146700219 -43.8978494026302 -40.8713115036897 62.694529953480135 -31.0132621493023 220.4051824172161 47.162853307712524 63.658413570062486
-37.03283610214886 -7.7487503927138395 -38.24614703904698 -12.137752717166165 12.869743472283094 -46.08203944456448 12.481575552266428 -57.33623543016276 -44.02386415704029 55.42729760360392 -34.17255985652198 -23.59307315263752 -55.58049944891196 54.29101675875846 -6.124570975631169 14.20850206546504 -10.421208693501853 47.162853307712524 205.4413600598516 50.71301793357586
48.45224920676384 33.123229325087465 52.307863280751754 9.127524651854237 24.38883312025041 46.668545586551566 4.24748636280745 44.55791793072042 47.947515409535235 14.411099005404706 5.891202986849884 12.4462573573525 61.082989082203554 10.690326398663636 23.950526793112893 4.816616255093375 60.880401780386464 27.774129505173153 61.2144911381472

48.452648 33.123508 52.308327 9.127598 24.389034 46.668938 4.247529 44.558277 47.947899 14.411197 5.891239 12.446346 61.083504 10.690395 23.950722 4.816646 60.880901 27.774355 61.215019 