9.253240181096611 97.09749630235726 9.798535211587211 31.882808510207205 80.44141946706316 57.198586760112924 53.533164742914586 55.29571326552405 63.45036254093765 55.166768321255866 23.14007808375963 16.343867394127376 95.37257331160785
37.34042022926442 67.44697229346556 43.960125994532184 43.25487963256334 61.04857899561118 28.591546423455384 98.10266096825472 50.12517089251218 14.149934030538603 19.32966912555831 14.098502051408824 60.20460578389732 82.54983885726821
8.219390977048525 83.13222587820098 62.26596688349911 7.7246512489929415 97.38434427554517 25.312651145495877 31.934921996620524 60.547641135906495 98.56926101032184 94.48003273942672 52.39428432152459 52.324691755120256 45.052270552197
90.17256564328707 80.64486231082088 48.3682056342816 19.85376377045468 76.1832834668633 23.981837693322028 25.142651984571394 94.30476010518021 97.43860857718253 60.74629547758451 21.62881999373676 51.63149895192542 57.38431981239882
96.98947888770897 81.70207658716059 34.73898237109171 3.7399950545442873 27.712265786820655 18.645834822177143 73.92877110846926 37.24275185523794 18.927379641996634 93.65364281445966 92.12010773713473 57.68862915542536 30.85268248252516
29.36522661292933 11.84755930892507 82.18406790208076 81.40615808243254 48.022321722875404 60.72587622176901 27.734092808502997 17.086824293028602 94.45787333622586 13.580461133934552 41.50223206115494 7.095362560886298 62.96957380438906
11.03324709104012 42.93472550130253 35.250727595691465 67.85457116902707 82.51276005929536 71.52858980411166 63.723387057387924 51.00825730643099 46.195251965767945 8.420394954019795 7.132731628770905 66.02656929884843 13.514619704799802
95.1218241244798 9.40666847329611 55.65616792729311 80.16026950874469 62.00091416466857 64.8320660444193 37.241116231585714 70.25245950456029 94.85016895942222 38.383256625069905 71.03209833486589 66.66206648989473 1.4321537248143223
71.85391410204682 56.84404953676724 9.36876658801694 32.77135696118988 51.37358485430141 24.047796683586142 49.053551022326225 94.74957067100478 51.60913923431566 44.116614556042485 79.1544057749792 88.9393730899808 33.39406250971698
55.22251473264386 40.47589753976568 43.21927428301824 81.44752053956003 48.119039251895536 71.79197705143073 43.95354437585996 18.81007747618969 64.17379454818027 46.412931265862454 84.29930143109738 99.68316835434985 87.42003174722663
48.50762899677429 40.34625815155388 69.50896160520435 51.59261757996787 75.28875946465035 75.45451337265592 60.63837900656056 26.73031691313006 0.7406839972215362 8.040828300037727 74.1303225698115 50.804722301324404 59.90011879331965
76.10704426780418 85.1639866095375 87.30753827730129 16.649541376698064 89.16699266650508 0.7238733861465896 91.82582789599826 76.41509347625275 8.483531082710648 81.86963046298288 5.269512110842534 76.38280031742717 4.230133544442505
1.568954215228396 2.1417593907167616 -2.113077252626092 2.629375778156684 4.165941177274496 -4.430440065815216 -0.32810610385287475 -3.662354833252616 0.7505801757757432 -2.158523125164821 1.3257875049837817 -0.677840169305402

1.568953 2.141760 -2.113076 2.629376 4.165939 -4.430438 -0.328109 -3.662352 0.750578 -2.158522 1.325787 -0.677840 