13.404795255602675 59.45381902231125 18.22897670554656 66.94005221600064 3.4747158777788667 43.85669357863144 69.12881764780074 29.490753252198655 37.80757322794051 87.19397708594741 50.4206773551192
41.01547586498418 30.359235009074993 97.51437606328503 87.88828732589269 3.683599922040004 10.306591339692229 25.42332729656739 33.95600178803599 36.13094009330111 1.9770880016958037 65.45875626868
38.27414337127137 62.37609868234888 23.594958099332565 8.641352210551878 43.320747799434415 10.456360951182697 40.93783127664725 29.54248576795626 0.2534310415198804 18.562503966700593 51.095140147935844
19.321576151369534 61.75759059928602 58.116444290501775 51.158688566781116 14.209097886319633 66.8288643945531 11.240608081528137 56.63137085613273 1.1313446374282 40.53601217879196 91.98297722335883
39.84857876295963 33.9331089870696 79.511907521778 9.703750050616067 87.52472420370135 97.01676515930544 8.478178481160548 72.84298553781537 32.94844246712215 79.38393286343907 63.08709767947283
6.407926559152277 65.54319994457097 96.08760263025103 23.28638077405595 59.7311766570106 56.68426331413985 96.16049004009727 92.28358849251143 63.728924484186614 77.6642320672305 34.920145866242315
25.789795597689846 79.27743171033373 53.70387995431896 52.03451539075057 78.56037610433584 92.37430298017793 26.045084358666738 10.132724228720702 75.14840896367984 54.46689306743823 91.88846742810941
36.44017180064934 42.545540401374716 51.53164420545614 34.553665112250265 2.1223159624212617 23.754583076525172 82.03349125194046 92.4896072138794 33.84231379126993 62.649367242977085 4.086100195507125
18.405414367892327 24.923569326739337 97.1551740489189 21.312207293843276 52.901666187546695 2.192283729662625 47.85827143396588 23.457000311310427 48.87091942597424 65.60122292080412 24.096553506910045
14.89558320255413 9.11869497275023 83.6243614006329 99.1210722245962 94.2142562516717 81.27818011075199 15.165224676913935 50.18898633466702 32.486412273203825 47.3265148854344 93.19150860524809
0.21656932833989892 0.4075536881875874 0.576772863654304 0.3428372439446442 0.05963770488050613 0.8665490790353028 0.370812707319577 -0.7611887822543122 -0.956344658294889 -0.1768067046855640

0.216569 0.407554 0.576773 0.342837 0.059638 0.866549 0.370812 -0.761189 -0.956344 -0.176807 