2437.5477941941945 -935.5290277236952 895.8988020910908 -240.31083742040153 -325.5241852410726 -266.2731374454797 270.8217208884655 -1052.6594978723194 16.382460887555453 -529.1172671787131 -317.3412938440955 25.88502894679324
-935.5290277236952 3229.709673023895 -700.510092468789 -537.2708276307233 -834.8199641604859 -451.4633073001914 619.9605287266791 -410.9734975852923 646.2849609140776 -519.9890520964 522.3836838493366 88.22716671957184
895.8988020910908 -700.510092468789 3387.7281309291666 -817.8953669866928 510.5183117932603 24.185889606979572 -26.104244492698527 -751.7975776399225 -846.7857524180122 -818.7213190496365 -349.18375391766585 27.047011001855648
-240.31083742040147 -537.2708276307233 -817.8953669866928 2315.007961318598 573.9166541863679 435.56159605006576 -283.3931190596377 -9.424879475430899 277.0070281828497 -935.034638970125 -628.9720917939745 27.89546360574481
-325.5241852410726 -834.8199641604859 510.51831179326007 573.916654186368 2828.919522915642 -674.159195450522 -129.50571952675028 -1122.008068883422 -192.51377202381525 34.46494989945256 -694.4193624766034 52.617650166888865
-266.27313744547956 -451.4633073001914 24.185889606979572 435.56159605006576 -674.159195450522 3437.2550606857067 -957.3888966914672 -475.42696950833556 -559.318313547315 -207.4798770082229 56.634694494802744 19.08007899190479
270.8217208884655 619.9605287266791 -26.104244492698527 -283.3931190596377 -129.50571952675034 -957.388896691467 3415.5499127918706 -50.21609484129611 66.61658097324603 -148.48887704054826 -1198.2797396173846 29.538052964828488
-1052.6594978723194 -410.9734975852923 -751.7975776399226 -9.4248794754308 -1122.008068883422 -475.4269695083357 -50.21609484129611 2507.2334175900296 -398.11567977547975 840.9621079846174 -272.47119497588994 54.105370651943694
16.382460887555396 646.2849609140776 -846.7857524180122 277.0070281828497 -192.51377202381514 -559.318313547315 66.61658097324603 -398.11567977547963 3576.9994965336846 -826.6121903752594 333.97711887992676 18.438138225951263
-529.1172671787131 -519.9890520964 -818.7213190496366 -935.0346389701251 34.46494989945273 -207.4798770082229 -148.48887704054803 840.9621079846174 -826.6121903752597 3102.069202429942 457.9850809248601 92.98392875867837
-317.34129384409556 522.3836838493368 -349.18375391766585 -628.9720917939746 -694.4193624766034 56.63469449480279 -1198.2797396173844 -272.47119497588994 333.9771188799267 457.98508092486 2767.4798275872727 42.882953485586526
53.972295559349114 37.271129240266156 4.013806175691518 2.8321455933624846 55.75600216682151 31.862014030794292 9.244433925637054 64.70840579132448 6.635630931597251 0.15067565966500343 23.2054367811638

53.977402 37.274666 4.014176 2.832400 55.761295 31.865034 9.245307 64.714539 6.636255 0.150679 23.207630 