3526.614018981884 244.67757770294645 -416.8175169350194 -581.92695001007 580.8627293380014 -940.9070148586693 -446.39517553900976 -306.6191940361905 226.3039739336077 -269.6498142955569 281.5627723356775 100.04712936005926 -117.36944351031045 -279.346442687969 -423.4373707831381 402.0303711725442 -261.0394005371801 -99.93386327088194 409.19382533602345 323.25472768350164 408.35930866652154 -790.3942125073227 147.08643906865743 -105.79368996627788 -858.0485398891898 462.9112632523336 -433.11843256085683 -873.2942345501958 623.7907847988647 33.90754098511998
244.67757770294634 3756.4079979511207 -392.391590166906 120.62862297889689 150.01835320278198 -427.00355072044545 -38.17068842728912 99.08516744792828 659.8369485295344 -238.77299796913482 -312.8123454637256 467.9961698029946 -423.0063482284359 -61.91706320497792 -583.769813335742 384.1462172009916 -720.9104961877927 -22.700881768665226 -96.17882495731229 -338.80602726067764 -770.0797451191531 -518.7305365537887 384.03300276612214 -220.40024998983196 -276.02965008729524 203.0224304852184 238.95717543268896 534.850480818677 -517.0404799196344 51.15790313839837
-416.8175169350194 -392.3915901669061 3966.4006372374874 -203.3943172906092 -395.2218650343171 -261.06241754572727 271.73874911494954 -207.1373078452768 -224.67932524588878 -74.57209127685041 118.03188744536429 -121.27894585067433 167.2250351079981 635.2299308646545 -591.6916541482357 -228.14605057720908 -178.14188245250563 -912.3620206371398 -106.82790632438298 -258.26596009687773 -102.62665865440417 624.749824474505 -326.2089817479409 -764.8786153223674 15.367789347982068 -179.8547443949568 -184.81834007084103 19.490360431253123 9.8839275358757 50.88318359797345
-581.92695001007 120.628622978897 -203.39431729060908 3638.428582120568 106.21637480335227 -416.9197088628395 -1.7168298737674377 358.0400109059035 297.0721887153022 -630.6067845267617 -179.60080377056897 -70.58141804339552 -328.6078549498943 -437.8971851244272 -229.10144735782083 -572.7704775886453 -453.28319901797994 -21.935294958135273 -670.2731891190513 -452.6303620558657 -120.23249512040688 492.0193923806334 134.82950368885315 609.7882788962283 -105.99487872941347 -523.0667782163155 -756.8777804140932 600.4563046375438 -405.83475227585876 20.260752116442514
580.8627293380014 150.01835320278215 -395.22186503431715 106.21637480335227 3791.2753459492 -101.6187637635496 -817.7397312401616 234.91517849264227 -110.71482012148772 -555.9904488447372 -168.0870879807846 -231.48693659939232 -452.71321892153446 -738.8535647747137 -43.81920486976725 -548.7797267141925 433.1489038419397 160.8139076385548 513.2301253838464 -404.58331381517183 261.28571022543775 -190.4972710603716 122.97888491686022 -373.16566792198387 -211.06218757077096 -723.5063649341737 -415.7665456312134 -303.25258332201236 372.3764014019514 96.62684425446328
-940.9070148586695 -427.00355072044545 -261.06241754572727 -416.9197088628395 -101.61876376354971 3189.1372553327537 -529.4929248660364 647.4450999046938 -197.29148716655854 607.2161760716499 -60.497361039132635 182.56753129991944 -252.9136282580853 123.7401145933497 -141.43973705952158 -167.10647656939904 -356.47448294911135 852.4692730128214 -542.8919770089842 232.7593008408623 55.82772343911549 -642.8322401091684 29.84597478397945 -76.09046792130745 86.43622745559745 -453.7280139170299 -1035.6579534069901 -394.62855594376015 337.0731329206657 14.886908389868525
-446.39517553900976 -38.17068842728912 271.7387491149494 -1.7168298737674377 -817.7397312401617 -529.4929248660362 3996.7563308505696 -301.9946917329089 -660.9111155406972 -397.25169551850684 -14.236061417966937 -159.46000246967975 -732.5456742366484 -432.1052562122195 135.6531959884954 -8.969754504564321 -470.03559026896966 -691.3572626189317 -127.79882826367174 -79.95880943744494 321.6955834690517 395.772280903819 -164.18957308871188 -88.26581549989092 -274.3735225615278 -352.8825422924998 442.99320268017806 339.374466206072 -130.68039271582478 75.74601656750268
-306.6191940361905 99.08516744792826 -207.13730784527692 358.0400109059036 234.91517849264227 647.4450999046936 -301.9946917329089 2840.246148866822 -321.64488227143727 475.60638039242104 -324.1576370627114 495.7812246356112 -409.24587153873324 -142.2857256690086 242.9867047844841 -245.70023461574232 -928.1257161737666 -14.220688113751791 -188.02092849028446 -160.37002004886338 359.96940796323855 -314.68637282059217 -145.30971190379154 -198.6191092783607 53.41489387896078 -150.25316387633973 28.733700167689193 -509.91222388592365 -743.381160035319 34.87025152331976
226.3039739336076 659.8369485295347 -224.6793252458887 297.0721887153022 -110.71482012148775 -197.29148716655854 -660.9111155406973 -321.6448822714372 3515.5700784756546 196.78905829769633 -807.9068370530282 -151.48281850630588 233.5536390837417 135.58457242334362 85.31948561981827 -313.7826590317297 -212.63456125552318 -28.74407392551467 114.54601184563464 147.09092816608575 -410.63392018502395 -113.48143566067512 -111.90421416050249 -713.881938247694 317.75618097514933 -212.1040281310002 35.00934187430964 -55.96893908228809 -119.22345869757036 75.24693623038038
-269.6498142955568 -238.77299796913482 -74.57209127685036 -630.6067845267617 -555.9904488447374 607.2161760716499 -397.2516955185069 475.60638039242093 196.78905829769636 3019.0584592790533 109.27148631337235 -97.43744777421556 -76.07304135601778 -341.175524985405 -50.56597280357431 -594.858580449613 109.53010167384217 -298.5022523459194 105.02150403495904 -154.4207679596345 390.9720643940231 -571.8359458060821 -334.87372326893023 -399.85220905110504 11.40652925005125 -233.9160004942712 -130.79367362572663 220.12488847125002 -435.8075692202152 13.292339097826956
281.5627723356775 -312.8123454637256 118.03188744536435 -179.60080377056897 -168.08708798078456 -60.497361039132635 -14.23606141796705 -324.1576370627114 -807.9068370530282 109.27148631337235 3006.3095438144805 219.63587693997118 89.77021550775387 -82.5038435883668 -98.88194098395047 378.80877851703843 175.76074597632459 -474.7808390982483 -307.63242163686556 -198.6401858580642 -59.957063662773294 -106.26166476969934 -368.6502606268678 -214.746419716234 75.30483732391743 -248.176218486337 -374.4692568268767 677.313540148463 272.2406499878689 28.929651610702955
100.04712936005916 467.9961698029946 -121.27894585067439 -70.58141804339553 -231.48693659939224 182.56753129991944 -159.46000246967975 495.7812246356112 -151.48281850630588 -97.43744777421546 219.63587693997113 3135.6799909625497 280.14165831579425 -223.2586428725563 -533.4850317634531 155.93325256844383 135.60760969332318 -328.82328885422885 -73.39000346981241 -113.90065961585525 -233.36668718564542 92.85185064581754 -256.0961497319452 -108.80489358139945 -721.4063435154512 102.65126185948918 -446.3403585600866 -268.38945130594266 -318.3288981182722 89.87473862445572
-117.36944351031045 -423.0063482284361 167.225035107998 -328.6078549498944 -452.71321892153446 -252.9136282580852 -732.5456742366484 -409.2458715387332 233.55363908374147 -76.07304135601765 89.77021550775403 280.1416583157943 3737.663166461567 -258.61988010858676 -209.9811289361527 -18.77547480202741 -181.99884812216393 356.86099741373954 551.000624650498 -20.41901536239287 -274.14987376292976 3.280681878410121 -255.4342072709334 -410.0165994452972 125.65587422290449 382.8426917501331 -683.9278825195928 221.80560810394454 58.74614396650153 52.341895932878515
-279.346442687969 -61.91706320497798 635.2299308646548 -437.8971851244272 -738.8535647747137 123.74011459334967 -432.10525621221944 -142.2857256690087 135.58457242334356 -341.175524985405 -82.50384358836678 -223.2586428725564 -258.6198801085867 3636.8842647850124 64.67906171973668 31.70841901429607 466.8962442097761 472.40642450254006 -214.87639709621916 104.02036683482102 -154.2307890537755 -906.367208117126 -430.25787449837753 167.07162136643365 -421.27120120527127 3.9838782363406153 42.12076716352677 -81.95993448985178 552.0653496953241 35.06323953886367
-423.43737078313814 -583.7698133357421 -591.6916541482357 -229.10144735782077 -43.819204869767134 -141.43973705952166 135.65319598849544 242.9867047844841 85.31948561981832 -50.56597280357431 -98.8819409839504 -533.4850317634531 -209.9811289361527 64.67906171973668 3440.984658070913 150.2196999376138 144.9234671967775 -636.0296880798959 -421.84046676965306 344.11241140963733 -159.20269356063577 8.431912467244558 606.2140856044925 -827.6430576047919 141.9277381289424 292.36877559499226 294.782435118399 -219.4698117770477 -247.07753044831685 73.56741330873223
402.03037117254416 384.14621720099154 -228.14605057720897 -572.7704775886455 -548.7797267141924 -167.10647656939904 -8.969754504564236 -245.70023461574243 -313.7826590317297 -594.8585804496131 378.8087785170386 155.9332525684438 -18.775474802027418 31.708419014296112 150.2196999376138 3705.255941052703 -727.0662028979477 329.8704745324299 -100.95015555645976 -480.61535674748484 58.946962502968326 151.78375748521722 -1021.0075252988478 722.698993484942 -279.5861273462376 -60.476402794581105 -349.12166270028234 -368.46793302078345 -114.76017267032361 79.82054367005675
-261.0394005371802 -720.9104961877927 -178.14188245250574 -453.2831990179798 433.14890384193984 -356.47448294911123 -470.0355902689698 -928.1257161737666 -212.63456125552324 109.53010167384194 175.76074597632453 135.60760969332313 -181.9988481221639 466.896244209776 144.92346719677744 -727.0662028979478 4043.5361958939175 -751.4963323944688 -415.2387547220743 -151.8987156445208 -173.28100039802706 -193.4620052433383 302.58923081527075 438.5901134640542 647.2587389008382 -118.57824515042554 -628.170747210177 -264.235554374023 -430.3328173923454 54.74191633296683
-99.93386327088194 -22.700881768665113 -912.36202063714 -21.935294958135387 160.81390763855478 852.4692730128215 -691.3572626189317 -14.220688113751933 -28.74407392551467 -298.5022523459194 -474.78083909824824 -328.8232888542291 356.8609974137394 472.40642450254006 -636.0296880798959 329.8704745324298 -751.4963323944688 3496.804190630824 -363.2620189859393 -341.2172778540909 -853.4263524035144 90.81158451562692 -274.72591122569213 -234.52183223588113 -306.27402727852996 -118.85614387775789 330.58746773848685 -208.952376282031 144.60435008097176 50.43043443827708
409.19382533602356 -96.17882495731237 -106.82790632438304 -670.2731891190513 513.2301253838464 -542.8919770089843 -127.7988282636718 -188.0209284902844 114.54601184563444 105.02150403495897 -307.6324216368655 -73.39000346981256 551.000624650498 -214.87639709621925 -421.8404667696531 -100.95015555645966 -415.2387547220744 -363.2620189859393 2901.379610723863 129.8116838158909 -138.8957777312813 -708.9240280024513 -646.3466446540467 223.19525220925345 -95.06528420810977 -96.77390552280579 614.8335581362489 330.79434617390933 -365.49874641212716 0.037654751697124844
323.25472768350164 -338.8060272606777 -258.2659600968776 -452.6303620558657 -404.5833138151717 232.75930084086224 -79.958809437445 -160.37002004886338 147.09092816608575 -154.4207679596345 -198.64018585806443 -113.90065961585522 -20.41901536239294 104.02036683482102 344.1124114096374 -480.61535674748484 -151.89871564452068 -341.2172778540909 129.8116838158909 3480.387979238106 -121.01595901260147 -127.1010713657853 -537.6329895204623 510.491331211225 -606.7697251486552 -198.02074041706175 -831.573766190118 507.49972667269907 -169.62963483636184 64.99683444198209
408.35930866652177 -770.0797451191531 -102.62665865440418 -120.23249512040682 261.28571022543775 55.82772343911549 321.6955834690517 359.96940796323844 -410.63392018502407 390.97206439402316 -59.95706366277325 -233.36668718564525 -274.14987376292993 -154.23078905377545 -159.20269356063577 58.946962502968276 -173.28100039802706 -853.4263524035146 -138.89577773128127 -121.01595901260164 3175.2048066173493 -671.2491379007788 322.6624529971984 -311.84086901709105 -107.85597378268784 212.32967894145452 -260.9118530240763 -56.08445129419041 97.73692992265855 62.76857255276026
-790.3942125073228 -518.7305365537886 624.7498244745051 492.0193923806333 -190.49727106037182 -642.8322401091684 395.77228090381914 -314.68637282059206 -113.48143566067512 -571.8359458060821 -106.26166476969931 92.85185064581754 3.280681878410121 -906.367208117126 8.431912467244501 151.78375748521717 -193.4620052433383 90.81158451562692 -708.9240280024513 -127.10107136578534 -671.2491379007788 4378.830217739234 -183.83767040369491 -84.45429467824167 549.238992654356 -62.64266605162982 31.57853110573344 -616.8936642048309 134.11477150687955 81.88885582416037
147.08643906865746 384.033002766122 -326.2089817479409 134.82950368885315 122.97888491686022 29.84597478397945 -164.18957308871177 -145.30971190379154 -111.90421416050249 -334.87372326893023 -368.65026062686775 -256.0961497319453 -255.4342072709335 -430.25787449837765 606.2140856044925 -1021.0075252988478 302.58923081527087 -274.725911225692 -646.3466446540466 -537.6329895204623 322.6624529971985 -183.83767040369491 4282.307894706989 -334.80429371711443 -739.9499634343138 394.4299857517162 295.0696101324632 64.95941111206749 -929.481885559398 53.03873627427497
-105.79368996627781 -220.40024998983205 -764.8786153223674 609.7882788962283 -373.1656679219838 -76.09046792130746 -88.26581549989089 -198.61910927836058 -713.8819382476942 -399.85220905110504 -214.74641971623404 -108.80489358139945 -410.0165994452973 167.0716213664335 -827.6430576047919 722.6989934849421 438.59011346405396 -234.52183223588116 223.1952522092535 510.491331211225 -311.84086901709105 -84.45429467824164 -334.8042937171143 3865.1132812570736 135.82759304304497 -86.30819268643131 -400.38052483042867 192.07621518437358 -4.867763482817626 5.6767313423017
-858.0485398891899 -276.02965008729524 15.367789347982068 -105.99487872941359 -211.06218757077102 86.43622745559748 -274.3735225615277 53.41489387896084 317.75618097514933 11.406529250051165 75.30483732391741 -721.4063435154512 125.65587422290447 -421.2712012052714 141.9277381289424 -279.58612734623745 647.2587389008382 -306.27402727852996 -95.06528420810977 -606.7697251486551 -107.85597378268783 549.238992654356 -739.9499634343139 135.82759304304489 3266.3779676369277 -255.56876980111764 -163.00917606632157 -242.95666160810774 -180.54283072302667 20.18416788853242
462.9112632523336 203.0224304852183 -179.8547443949567 -523.0667782163154 -723.5063649341737 -453.7280139170299 -352.8825422924998 -150.25316387633973 -212.10402813100032 -233.91600049427115 -248.17621848633692 102.6512618594891 382.8426917501331 3.9838782363405727 292.36877559499226 -60.476402794581105 -118.57824515042554 -118.85614387775797 -96.77390552280576 -198.02074041706175 212.32967894145452 -62.642666051629874 394.42998575171623 -86.30819268643131 -255.56876980111758 2735.4399981907513 629.0196016231616 -849.4020214140669 -74.84764788908541 97.36435961680976
-433.11843256085683 238.95717543268896 -184.81834007084103 -756.8777804140932 -415.76654563121343 -1035.65795340699 442.99320268017806 28.73370016768918 35.00934187430967 -130.7936736257266 -374.4692568268767 -446.34035856008654 -683.9278825195928 42.12076716352677 294.782435118399 -349.12166270028246 -628.170747210177 330.58746773848685 614.833558136249 -831.5737661901182 -260.9118530240763 31.57853110573344 295.06961013246314 -400.3805248304286 -163.00917606632157 629.0196016231619 3317.3022368441525 -44.46823025491333 718.5544277279851 82.29179412444299
-873.2942345501958 534.850480818677 19.49036043125318 600.4563046375438 -303.25258332201236 -394.62855594376015 339.37446620607193 -509.91222388592377 -55.9689390822882 220.12488847124996 677.3135401484631 -268.38945130594266 221.80560810394454 -81.95993448985183 -219.46981177704777 -368.46793302078356 -264.235554374023 -208.95237628203088 330.79434617390933 507.49972667269907 -56.084451294190465 -616.8936642048309 64.95941111206754 192.07621518437358 -242.9566616081076 -849.4020214140669 -44.46823025491333 3063.5044676645307 -456.9950660635453 47.93567839757977
623.7907847988647 -517.0404799196344 9.883927535875756 -405.83475227585876 372.3764014019513 337.07313292066584 -130.68039271582467 -743.381160035319 -119.22345869757014 -435.8075692202153 272.2406499878688 -318.3288981182722 58.746143966501414 552.0653496953241 -247.0775304483168 -114.76017267032373 -430.3328173923454 144.60435008097153 -365.49874641212693 -169.62963483636173 97.7369299226586 134.11477150687955 -929.481885559398 -4.867763482817686 -180.54283072302678 -74.84764788908527 718.554427727985 -456.9950660635453 3605.6387326639338 38.71086692200857
55.69504561180604 13.310373573276562 34.66697874066194 80.17603943804197 58.74333343790611 67.85842597212883 54.49540802257627 16.30031038128934 9.958031202644527 63.053297160324014 14.473662335425537 31.990100457186678 41.809385520191974 42.55503025187772 7.565238635182679 69.03335613690739 46.32901385277591 21.763158158391413 23.826560226044933 64.12228072235965 7.436894102316237 27.265321838388132 41.55501017977628 3.6853171869777315 59.68214970332937 41.6392223817378 79.16133292973262 26.85557292800762 10.4098501438034

55.722366 13.316877 34.683929 80.215340 58.772091 67.891724 54.522083 16.308273 9.962860 63.084171 14.480719 32.005722 41.829884 42.575863 7.568897 69.067177 46.351700 21.773756 23.838194 64.153687 7.440503 27.278673 41.575336 3.687082 59.711372 41.659595 79.200150 26.868721 10.414905 