91.44039890230943 63.19643114975532 20.552411330708686 79.26842799187938 49.40093269544536 42.42839340404938 34.993410318936235 39.164191660620915 93.21030937729387 32.895543372666694 65.11597425392637 77.48887572254488 91.30746411063052 12.266480976963479 98.75213978637565 35.89630600290948
20.727789658155015 13.208042968481049 6.135273078397208 85.76170665252121 38.00835501448272 58.02621105436071 96.03268757209386 42.87996272547458 81.20236040661581 6.576798161360619 4.91196785752257 5.084928045954717 50.297117776681496 37.96623429522755 44.427554557205696 91.95319080614216
88.75106220562083 58.28522469056799 86.58293865727596 85.37544898444142 20.547256379556334 69.4618579972494 19.833854544546025 20.103699020418297 23.92736813893204 69.18319800753493 18.769450397739295 37.72183836461029 40.098160956444985 55.76738541499178 9.533184483536717 2.2927113345547645
90.39770786120866 0.22352990678358164 74.44082758410254 58.18763096925732 69.53723138833246 22.22547610086336 39.98968747445705 46.50947354446628 11.29185858193763 33.0740318530115 82.60787082112886 8.154888790233205 56.41633931015457 2.966984412188689 78.07069090247877 50.633585264999766
63.838766383377596 69.27186099867184 89.9232505894498 1.1482904916374825 6.256829752688963 81.38641335298148 11.557684774029553 63.63160972157328 49.656287792606456 21.413995587240777 60.09051559713253 49.81982027333744 28.999074249083158 1.7135740312527514 21.140146408954852 3.8849345466424823
34.72130359156266 97.57493907750376 83.99101931641465 67.9723532530262 84.9012524545844 33.32151278735456 31.387454759359144 97.12525346696182 87.34294358949708 43.9093409404798 0.6100391571266406 31.951841617066744 90.22496935900057 71.50168457401523 17.245507499429547 89.6323210121879
55.375161909779635 21.5477668743142 73.15645224599906 41.903168005551365 66.80198927653723 59.838353645001376 7.4315186713162955 15.29969440115857 25.845394907168696 76.47638761882197 85.35044000496175 72.83385515667054 33.220997829998886 90.66713476454404 80.09855222346168 88.09970305272853
11.97739086913635 59.90243234649021 96.5775933562928 22.788344295300245 83.9437358346575 85.43252397958099 21.141285629082507 44.57352642936216 81.46482208520949 65.20657704637513 69.76053551748699 15.33985950519854 56.981677811653 77.2274755836175 66.94551982435488 50.845107658795406
55.4961635295093 60.56058773050924 21.215308870375882 61.40430605832874 51.07737700585818 96.51400785814039 61.94447156317976 24.090928980167025 51.08695873910971 1.1755428163567339 57.72787829186312 75.55373685213574 53.98368103631752 96.49145478340981 26.664139000879217 90.33907090027863
2.498316793399913 87.11057899345882 59.22909131262123 2.628642362645184 93.84076996521247 61.094493128260986 43.210188265754425 19.20639208154169 17.56139503837286 4.158657164137081 89.52496193040707 57.97598852309004 41.41869927734223 62.493830989628094 34.60779974210902 20.599287671707913
73.6199802586573 17.06268921347528 93.1331767225136 61.958696162354855 91.71444169751302 96.25143588395532 17.901883944889274 98.89249241581706 57.34575920414101 82.68888575739274 69.48035326055192 84.13514131548871 79.24733258664969 55.507091890689 26.501109841385684 3.3572156439651057
2.477173689265999 9.684288547997433 23.487861875741643 51.23958498960872 7.253983973443656 94.89631077839671 19.622779303903382 23.327237179928563 23.005593958097815 32.28755540679651 47.7359370866891 37.44936552195492 89.98318662963231 35.743602470067515 46.14723852450098 30.51029456233849
37.43188607985651 94.2920741131157 42.16784893856942 45.195317679022864 93.93293409289441 10.408352504152429 10.13221809604653 51.308067059210494 38.124104095355996 42.923587675316654 53.16879669640491 72.77085787907697 66.89113050448773 56.52984232474514 51.57043526046722 91.28278687568978
61.84725577266188 55.25376437334623 41.973579629698996 90.704092176347 27.42631334043407 49.85334566049049 22.633696672715654 83.3030724760473 95.34060474883105 85.21432190811956 89.57910655687046 79.85500937151068 23.09113632059596 98.57930476171698 40.361018614752986 92.4156538031786
89.72511835537192 34.8746923879905 31.345649038119696 97.86100622755221 41.39079227363076 29.823615562643745 52.69495429819677 37.939871803466495 89.68197187566216 37.562758241442076 13.075720119055767 72.15993860589809 88.3313396666508 61.157660482972986 6.365019204704736 9.535270648237294
1.501057220855619 0.8272611712934453 -2.008441159627625 -3.117439007982625 -1.1573398590893076 -0.36980710084096713 2.5524477885224126 2.035921249528126 -1.7102037229372784 2.1161731935308676 -1.1054380044722059 -0.8889288184365056 0.8301684821121682 2.1188750687120828 1.695454961051376

1.501056 0.827260 -2.008441 -3.117439 -1.157339 -0.369807 2.552447 2.035920 -1.710203 2.116173 -1.105438 -0.888928 0.830168 2.118875 1.695454 