7.032182019115307 19.75596961307736 22.299554915542842 45.51019298155424 97.50511661631968 20.44038921978675 89.84663291989811 12.65688620152573 82.00867682944907 34.959812025492596 66.38508114439985 22.5332598797644 30.134092457057637 61.53012007912532 69.32930772363738
79.074770909249 64.1302380945191 24.104646691588606 87.29754722950241 73.6523016398348 51.032065175977515 79.5145675131873 61.37583204626951 61.031265772377296 95.160174599773 27.917190793061188 45.47114642284379 98.16231038639346 97.05147644640239 46.42601665405818
4.389387765870135 9.891423609123272 61.58270752752281 92.58266616982823 21.858824248922502 73.91651291141595 81.48820698994679 74.49672897040676 85.52263006257668 40.537663414035784 52.82042458566802 89.77173599395341 29.61853776402289 59.7286664897746 91.16646934667496
13.96625055439027 14.099199343203683 14.42043716490371 33.48485034239144 99.31997890875441 77.60367815711243 88.84351132845603 97.19425276522306 2.4674338313993793 81.56036931179196 2.5632884695953484 20.741711227324767 31.10286121775023 26.69809491874937 45.27194036908212
54.511670748606534 47.47230558518349 29.95885379551213 88.88276265016138 82.60087668298888 96.69389705455549 74.42303516428746 50.649829787993795 21.646740064822534 41.82182527382909 95.38176842175706 30.534857967910778 42.68095937510555 59.90895558409935 95.36857096504133
67.1749095246375 74.4150788340251 37.97988391930156 12.64371844349701 19.445129627541156 49.09049663211636 84.3494424711854 48.572705967985556 50.883230866757465 91.34558891334089 14.7668153467568 75.55747828688023 12.700704310550282 15.767499543658214 90.13773169363779
92.8863958438646 59.19887552970968 50.89515234312374 11.979388372963983 43.07469699346434 49.145033857799746 48.01507528163395 9.326099563250434 90.74885982420618 6.99208339082964 21.513604088384476 81.39758427885049 22.123468355234433 27.89583606673408 66.32307500974744
49.58383464887574 87.55443725944014 22.066905081918275 61.83891443872638 96.64242726896393 44.56518182494421 15.350611927178715 36.00457953619954 69.55164152482776 7.033911598957976 20.95144239576735 44.79475872891039 24.050396843588718 74.76863964666121 72.07140927510235
80.49814516547767 25.8341690015075 1.7662985400470732 13.209500935960383 50.94325819819825 80.2022421174984 94.06040308243591 81.26341807078448 46.206816715193064 34.15155696404876 54.77306138039193 22.1134405744437 6.147778825453587 43.933365267653876 19.034169126701805
51.22596798318468 17.3950925246121 79.84024753168119 96.31997218749144 37.9449598457541 45.35103772034405 7.99900995151167 10.32177819436173 67.54802355929809 93.04840441631282 64.11869577010853 47.04935455865862 77.32320595474695 3.28310929751896 73.66212054016505
38.49368727747731 45.3961216689867 88.36491144301546 42.367425138775005 64.69647168476277 29.573482721145417 63.892610404955605 75.19706708556133 3.0794480749416486 29.03842148218011 59.26501470585222 65.15852488851675 24.415277561944805 24.884816693188093 98.15504107937078
54.66238639767056 75.92368499432543 44.7222917223762 72.09397026621699 71.27184280240911 20.393401004515297 18.805638185165506 62.477190118117335 72.87077754460923 62.19093541865499 92.44150296912117 18.54540421023624 37.34469514857032 21.853349119795173 30.132750983763877
72.25696601601499 45.25814661731194 58.99417455673631 19.81910504714438 29.44136132512345 13.73695457563885 50.27306227407917 60.56530107138799 76.28048632324128 99.6403272696296 28.461019738910466 71.67224733681114 31.669693798957198 33.867186189141165 36.96237163265334
19.350878183228758 13.2665855925595 70.05653513325417 23.871090428968913 12.917045574416763 76.57749555159661 52.0288835025871 92.3289730974452 76.23479317305635 37.72662520506932 74.84057017801995 28.652465333234833 41.61314074222161 90.36406069789976 5.693950884624332
0.13955356558982965 0.4092923307401053 1.3964520697127443 1.0579650591183953 0.07579207200882072 0.26260024934002424 0.7934507342951652 -0.8858744248763868 -0.2721202696108504 0.2204576679799158 -0.6141656194517884 -0.5078318120826848 -1.3671497222087474 0.26264716173683

0.139555 0.409292 1.396453 1.057966 0.075792 0.262600 0.793451 -0.885875 -0.272120 0.220458 -0.614167 -0.507833 -1.367151 0.262648 