2422.2966970616567 -148.63618911760423 -388.61780201263366 -43.893757964103415 -245.25907053907594 301.4043277464992 -201.15706201591797 292.07391700320903 -248.33899574099988 182.4649329168571 -17.321220605790558 -320.2003327865199 61.40670008080085 -655.5053176921527 93.17638927088498 -38.40893551103071 267.93348737117515 147.06899616490708 178.2287627528907 46.695968215285966 122.83101268574855 360.5216248826 -197.6810352497778 256.40992158183224 -245.99982318687364 -462.74222823487696 -856.9248537123812 -29.847857259816795 -101.2542804688202 -182.68092640824852 12.540635277161428
-148.63618911760423 2596.358839755435 755.9606539767361 506.6584599867591 -134.12849071067913 13.343699895600139 100.08261857949084 266.85648932227906 -189.218373992754 -328.3904822474314 -359.112326558226 285.20583961257074 -81.48299037301483 24.39232952776399 -194.55354283682462 -472.52061582743755 -136.70739902123478 81.71979188896469 196.60981747985417 -550.2316407565534 11.21150586992838 -106.34916515815848 -674.0183499372043 -347.2829775543561 17.30711203762342 -92.69527590798722 -549.4527424148586 186.75971721886748 79.30870139575357 -508.1732592626679 0.7772724057090286
-388.61780201263366 755.9606539767362 2438.374784568778 -103.1382450377392 -364.2176163891808 -71.28400315107703 -390.63703789881896 48.83365650424288 -130.63797568321704 -151.5112730639075 481.47557573934927 -70.0590807593813 27.4550372978437 -457.2078845709846 -304.97684111797753 6.210379947924096 127.1393465097424 64.72172146167989 -190.2059035057133 -567.0862213304492 181.11072103837986 250.56122550073462 -214.56296235073074 -49.762104456440895 248.35441095459717 -358.8573595769242 -68.45176321096932 -45.88357074588039 135.31263896576485 -609.6379577480488 85.65289424424817
-43.893757964103415 506.6584599867591 -103.13824503773925 2648.421568192974 361.0865720902693 -105.99112513849443 -132.2740670596184 -255.14138167034565 -292.6172950419283 -285.8729812305097 -466.87090757646 -553.7446464031123 -749.8870103704381 -90.87929071738938 130.3682225481269 -116.70262132468392 -15.312410983911917 -242.24314605006577 352.48083889814586 143.74736169238432 -280.4954293829385 -98.17669811498001 -274.4686519167743 -104.3614190973419 122.54136718703175 -64.77964763558029 196.14711064265197 17.115028351628524 -81.06051798717628 376.7330923315861 2.2188005860365068
-245.259070539076 -134.1284907106792 -364.2176163891808 361.0865720902693 2390.22793837859 86.20137362365895 -734.645102907793 -409.55712858106773 -196.0668478432849 -127.30211683894646 -143.34015078801426 -267.64814950128186 -92.45932529371825 414.05445314618333 79.65948937461476 -161.28902517858126 351.10017317992003 -163.63073567239917 -213.411388786597 -95.14025946583116 -26.134552020151922 -649.6368899293686 613.5663365793596 -537.5145139250234 239.36443139831204 -68.44874482873047 -89.01750466113327 117.54843157495722 -98.42616684561943 -393.07934717651233 49.38695438677285
301.40432774649923 13.343699895600082 -71.284003151077 -105.99112513849445 86.20137362365895 2936.2145411608526 -281.6567390542175 -205.4499529360113 -303.1009064702313 569.7555376787982 -497.62528087289644 184.26956695643284 -20.673099424827853 344.3642417917655 -210.22708882563768 365.71048754887914 -229.6046805595085 -209.7512316096797 -741.4596557864172 -258.39818588894076 -241.0272357302211 23.94666268071309 -393.38541797522726 138.22241723607385 -14.844412460571013 -113.27882357212691 -130.71088264846426 -140.6292432701244 90.58032001788987 -230.558785397311 78.16120034860921
-201.15706201591794 100.08261857949078 -390.63703789881896 -132.27406705961846 -734.6451029077929 -281.6567390542174 2550.686518039853 -483.6276895380218 -413.93796519677335 -8.389896655528275 -228.59790084780553 -64.58056926332654 -39.81947930152363 -364.4469888095631 -66.49141924446889 -120.02632884193861 -264.86832759731817 -68.95884185839365 -244.6298243103447 -81.59247512200346 165.1707624036952 339.4236835408535 291.8867276961696 382.31341294146495 -40.41831131420531 40.57055709696145 -46.122254769359586 43.691705893441195 -213.9085801813275 125.01250832838885 92.76018258433247
292.073917003209 266.85648932227906 48.83365650424289 -255.14138167034565 -409.55712858106773 -205.4499529360113 -483.6276895380218 2619.6192882445725 -271.5226132888478 -12.758600506530243 -372.5366716884114 -183.67758405059107 6.2425506022368324 218.20280108674308 151.07123633705885 -610.3835861832075 -288.182186371904 -280.31403677431257 62.79352881099371 44.881178363131255 -21.763319288867674 173.2463519054698 -4.125834669842973 -222.56901509310165 -150.23600173829524 5.838238359677575 201.27233866695508 -59.80949901335016 333.26867357069534 -292.1522794973979 79.40434294708709
-248.33899574099985 -189.21837399275392 -130.63797568321706 -292.6172950419281 -196.066847843285 -303.1009064702314 -413.93796519677323 -271.52261328884794 3249.208405772238 342.7403162565571 256.6755113130646 -25.309368434315274 10.364755776901887 -559.3888768143668 -3.899318910898785 90.15688166524471 -298.9490694133535 -468.43396667624614 -575.0975386333616 109.40358957614495 24.632232978067236 283.31956483039255 -322.10352578194545 -253.397985348129 270.60235941880086 323.06039824630494 -124.82776781593833 381.1156972432511 -211.4726237852901 -553.7020915385233 33.34872673841923
182.4649329168571 -328.39048224743135 -151.51127306390754 -285.87298123050965 -127.3021168389464 569.7555376787982 -8.389896655528304 -12.758600506530271 342.7403162565571 2483.8600407193644 106.33702035587883 -148.43207466482073 -319.82734021814497 -818.6001937713817 -346.4555974718496 -125.50229603904509 -248.46947459766534 -184.14430383985405 134.5038221048934 95.10050798331937 -366.272994566811 -207.8326311064653 -35.31303240707524 -128.6467129712968 103.46408808275179 -70.85163153336092 577.4055492039481 102.72158389292282 -292.3742223266636 -272.1616264860245 9.654757397494617
-17.321220605790558 -359.112326558226 481.4755757393494 -466.87090757646 -143.34015078801428 -497.62528087289644 -228.59790084780556 -372.53667168841145 256.6755113130646 106.33702035587878 3257.6409818983398 -540.3850702802292 144.269316986039 -157.74246061455267 -49.61150576479427 -279.7283174075177 -236.4000899836449 122.51022472177965 154.05545103137314 -28.642098443819453 -428.366846343387 146.97469970276248 536.0837921327967 -319.7826237707741 -161.4371748163377 39.048016053121216 -273.2992187449963 231.0570964050375 -222.7821205198209 -14.364804649043334 41.13606805027619
-320.2003327865199 285.20583961257074 -70.05908075938127 -553.7446464031121 -267.64814950128186 184.2695669564329 -64.58056926332657 -183.67758405059112 -25.309368434315274 -148.43207466482062 -540.3850702802293 2870.707482916403 72.51195766735066 -143.5195265956711 7.6083116356826395 187.8666701778086 -342.57699157783986 -242.74714585358083 -538.1284636124881 319.47840215089855 -445.02315125431994 181.0093990880812 -83.54234667359862 -342.24610946170384 136.28606615738184 -223.65518763027168 415.16252866669015 -227.04776736162756 195.102999224823 163.71779640594627 44.87856083054944
61.406700080800796 -81.48299037301491 27.45503729784381 -749.8870103704381 -92.45932529371828 -20.673099424827797 -39.81947930152363 6.242550602236861 10.36475577690203 -319.82734021814485 144.2693169860389 72.51195766735069 2869.469622810259 81.65196450496865 -503.7613853621235 -238.42780722155464 36.199125427273415 294.5113589354246 31.136601954694925 -77.76871270103165 506.2749560344013 4.0919345291084 -354.45446300166725 37.67211978470647 -713.8578521198169 -365.2778314112869 83.6977310382685 -100.05546976889389 -87.09054813375883 182.45225028427365 15.479875515195495
-655.5053176921529 24.392329527763934 -457.2078845709847 -90.87929071738944 414.0544531461834 344.3642417917655 -364.4469888095631 218.20280108674308 -559.3888768143668 -818.6001937713818 -157.74246061455267 -143.5195265956711 81.65196450496865 2973.5380277938184 124.04689386759549 -74.82157688578059 -269.16727844671703 56.94239230694626 231.96486104694418 -88.09162576823246 315.3989335961987 -89.03660392229989 469.1292026533672 -423.4906228517846 -174.00196886218214 220.65073873537636 -736.9390634505015 -363.6057153136547 -103.72812381903344 -331.12444008266823 59.69748996958321
93.17638927088501 -194.55354283682462 -304.97684111797776 130.36822254812688 79.65948937461476 -210.22708882563757 -66.49141924446889 151.07123633705876 -3.899318910898785 -346.45559747184967 -49.61150576479427 7.608311635682526 -503.76138536212335 124.04689386759543 2905.0691791270756 -171.46407608093492 -68.40925150917471 -211.39470946777038 126.52845514710054 326.55911467367184 -549.6340044268619 -490.0994872167307 -477.55110985723707 -185.89111563151414 161.88641968131682 226.93615484709977 -198.66661122008753 -42.71683333901233 -448.98062491737227 64.56516559164317 63.86047965460876
-38.40893551103064 -472.52061582743755 6.2103799479239825 -116.70262132468392 -161.28902517858123 365.7104875488792 -120.02632884193861 -610.3835861832075 90.15688166524477 -125.50229603904509 -279.7283174075177 187.8666701778086 -238.42780722155464 -74.82157688578064 -171.46407608093492 2037.910622953433 -172.1210604389442 -22.143802038600235 -139.09004334322998 254.01579352515992 136.53709901185925 95.34279656580495 230.74043308653876 -243.5942270471695 -352.76553736699253 -11.828055528048907 206.8653633677773 -270.7813410625258 197.7292846241578 137.20022491959355 44.266696755889804
267.9334873711751 -136.70739902123478 127.13934650974231 -15.312410983911974 351.10017317992003 -229.6046805595085 -264.86832759731806 -288.182186371904 -298.9490694133536 -248.4694745976653 -236.4000899836451 -342.5769915778398 36.199125427273344 -269.1672784467169 -68.40925150917482 -172.12106043894426 2519.551183646495 -161.9137709974271 123.58530157259094 234.74885087909584 52.132134476477816 -77.94269307755383 109.3107365495772 -197.87095774653181 -179.38839140455016 197.2109689952169 -284.44085998637047 -89.60706014420583 -513.9685108673244 -341.84345092773367 91.05852854684424
147.06899616490708 81.71979188896474 64.72172146167978 -242.24314605006575 -163.63073567239917 -209.75123160967976 -68.95884185839357 -280.3140367743126 -468.43396667624614 -184.14430383985405 122.51022472177965 -242.74714585358078 294.5113589354246 56.942392306946246 -211.39470946777044 -22.143802038600235 -161.9137709974271 3294.029315564372 -92.0152570416844 -186.09657782362774 -544.7984080186669 -234.5656822009054 -298.13652619215384 261.4139647788548 -342.08734834631053 -538.3091139882825 -381.1144236615539 251.6647549128803 -179.30229116542418 -136.664515074345 86.06218334447523
178.22876275289062 196.60981747985414 -190.2059035057133 352.48083889814586 -213.41138878659706 -741.4596557864171 -244.62982431034465 62.79352881099373 -575.0975386333615 134.5038221048934 154.0554510313731 -538.1284636124881 31.136601954694953 231.9648610469444 126.52845514710054 -139.09004334323018 123.58530157259105 -92.01525704168428 2661.7196319267396 113.46292980722623 -621.2454487211004 -21.041788858443198 -131.54521736756206 22.96367110298941 -277.80089086591346 126.32573315320076 -127.98134134585098 -360.0538875766859 -45.3652880971011 -426.1320544600415 3.827301085000756
46.695968215285966 -550.2316407565535 -567.0862213304492 143.74736169238432 -95.14025946583116 -258.3981858889407 -81.59247512200344 44.881178363131255 109.40358957614484 95.10050798331937 -28.642098443819343 319.4784021508986 -77.76871270103163 -88.09162576823249 326.55911467367184 254.0157935251599 234.74885087909587 -186.0965778236278 113.46292980722617 2445.028274432516 106.69502146296712 139.1734920393353 -115.98220668401339 -83.56528780769767 -276.1807777508174 -528.9426854419067 11.781915330384923 242.9197402882655 -480.28527044452574 -442.00654650422246 82.65317482002602
122.83101268574855 11.211505869928239 181.11072103837986 -280.4954293829383 -26.134552020151894 -241.02723573022104 165.1707624036952 -21.763319288867645 24.63223297806728 -366.2729945668111 -428.36684634338695 -445.02315125431994 506.2749560344013 315.3989335961986 -549.6340044268619 136.53709901185925 52.13213447647804 -544.7984080186669 -621.2454487211003 106.69502146296709 2368.5694664237944 -130.33576739361246 -266.7855904976583 202.06527772406338 51.903103370978116 167.66166979877795 169.94202400188487 -89.86319160635259 -53.59994792253727 -108.04808293910925 30.60482487194137
360.5216248826 -106.34916515815847 250.56122550073462 -98.17669811498001 -649.6368899293686 23.94666268071299 339.4236835408535 173.2463519054698 283.31956483039255 -207.83263110646533 146.97469970276248 181.00939908808118 4.091934529108457 -89.03660392229989 -490.0994872167308 95.34279656580493 -77.94269307755383 -234.56568220090534 -21.041788858443113 139.1734920393353 -130.3357673936125 2049.2636287165647 39.45937002724334 -120.85829204718483 -821.2727828269366 -318.7078757244364 -304.4607270159221 -66.11102391973168 -227.5751941296832 197.62529834034223 19.164753748965058
-197.68103524977772 -674.0183499372042 -214.56296235073086 -274.4686519167743 613.5663365793596 -393.38541797522726 291.8867276961696 -4.125834669842966 -322.10352578194545 -35.313032407075184 536.0837921327967 -83.54234667359862 -354.45446300166725 469.1292026533671 -477.55110985723695 230.74043308653876 109.31073654957721 -298.13652619215384 -131.54521736756203 -115.98220668401338 -266.78559049765835 39.45937002724334 2755.9989449007658 -271.48079806092585 -46.869958780788814 -137.61775680623077 -198.74224587635808 -160.7939596306729 107.96645504547254 9.985977242965134 15.422106098122413
256.4099215818323 -347.28297755435597 -49.76210445644104 -104.36141909734187 -537.5145139250234 138.22241723607382 382.31341294146495 -222.56901509310168 -253.397985348129 -128.6467129712968 -319.7826237707741 -342.2461094617039 37.67211978470647 -423.4906228517847 -185.8911156315142 -243.5942270471695 -197.87095774653184 261.41396477885485 22.963671102989423 -83.56528780769767 202.06527772406344 -120.85829204718489 -271.4807980609259 2719.067331299273 126.87196788577596 622.3983228306186 -266.0964054098133 -291.27486904488404 -227.29682915493345 -60.49614318309196 68.52977163330245
-245.99982318687358 17.30711203762342 248.35441095459717 122.54136718703175 239.36443139831204 -14.844412460571041 -40.4183113142053 -150.23600173829513 270.60235941880086 103.46408808275177 -161.43717481633774 136.28606615738184 -713.8578521198169 -174.00196886218208 161.88641968131677 -352.7655373669924 -179.38839140455016 -342.0873483463106 -277.8008908659135 -276.1807777508174 51.90310337097806 -821.2727828269366 -46.86995878078887 126.87196788577596 2466.0123831316937 -69.9943469191631 -116.68831208654319 172.66319294996583 -96.31297726723035 49.637096211741294 39.12039545489452
-462.74222823487696 -92.69527590798728 -358.8573595769243 -64.77964763558039 -68.44874482873044 -113.27882357212677 40.57055709696144 5.838238359677597 323.06039824630494 -70.85163153336097 39.048016053121216 -223.65518763027166 -365.277831411287 220.65073873537642 226.93615484709989 -11.828055528048864 197.21096899521683 -538.3091139882824 126.32573315320076 -528.9426854419066 167.66166979877792 -318.70787572443646 -137.61775680623077 622.3983228306186 -69.9943469191631 2750.75354007671 146.6724028075953 -405.644127775102 -27.98897779532644 -424.35743793241346 37.73796099540318
-856.9248537123812 -549.4527424148586 -68.45176321096932 196.14711064265197 -89.01750466113316 -130.71088264846415 -46.122254769359586 201.27233866695502 -124.82776781593839 577.4055492039481 -273.2992187449964 415.16252866669015 83.6977310382685 -736.9390634505014 -198.6666112200876 206.86536336777735 -284.4408599863704 -381.1144236615537 -127.98134134585092 11.781915330384972 169.94202400188482 -304.460727015922 -198.74224587635817 -266.0964054098133 -116.68831208654325 146.67240280759526 2018.5181596765383 -49.33914426193216 640.814556006967 228.72570954116682 49.366666633988984
-29.847857259816852 186.75971721886748 -45.88357074588035 17.11502835162861 117.54843157495716 -140.62924327012445 43.69170589344121 -59.80949901335018 381.115697243251 102.72158389292288 231.05709640503756 -227.04776736162756 -100.05546976889394 -363.6057153136547 -42.71683333901229 -270.7813410625258 -89.60706014420593 251.6647549128803 -360.05388757668584 242.9197402882655 -89.86319160635259 -66.11102391973168 -160.79395963067287 -291.27486904488404 172.66319294996583 -405.64412777510205 -49.33914426193215 2021.2085053140424 -177.29020004014507 286.0348909960916 11.729203692723434
-101.25428046882031 79.3087013957536 135.3126389657649 -81.06051798717617 -98.42616684561935 90.58032001789006 -213.90858018132738 333.26867357069534 -211.47262378529015 -292.37422232666347 -222.7821205198209 195.10299922482307 -87.09054813375883 -103.7281238190335 -448.9806249173724 197.72928462415774 -513.9685108673244 -179.30229116542415 -45.365288097101214 -480.2852704445258 -53.599947922537325 -227.57519412968333 107.96645504547257 -227.2968291549334 -96.31297726723035 -27.98897779532649 640.814556006967 -177.290200040145 2405.282490233477 69.22476371527392 91.3278831822092
-182.68092640824855 -508.173259262668 -609.6379577480488 376.73309233158596 -393.0793471765124 -230.55878539731097 125.01250832838873 -292.1522794973978 -553.7020915385233 -272.1616264860244 -14.364804649043236 163.71779640594644 182.45225028427362 -331.1244400826683 64.5651655916432 137.2002249195935 -341.84345092773367 -136.66451507434493 -426.1320544600415 -442.00654650422234 -108.04808293910929 197.62529834034225 9.985977242965276 -60.496143183091895 49.63709621174122 -424.3574379324134 228.72570954116688 286.03489099609146 69.22476371527394 3040.392605263384 46.310154755407
71.40753789988624 38.727697582804346 69.87491734735015 1.0660789622173947 71.6970028108681 29.395408041756355 74.04954036960328 36.1876562854285 70.26197746184528 17.828562797443393 25.94006909855465 25.21614732348452 1.8524203979094476 71.03759873840305 15.685554018459484 22.33427050490896 41.588899323871104 39.71768004363055 44.96579221222982 43.831551461394085 6.321791862655662 4.934073080895723 10.749566485060802 38.23569627292429 17.67724134329377 22.61521387793712 76.76690962704129 0.9881667484070266 17.889325553751327 72.3870912175068

71.409332 38.728683 69.876595 1.066095 71.698700 29.396132 74.051285 36.188496 70.263687 17.828976 25.940691 25.216751 1.852459 71.039330 15.685946 22.334782 41.589890 39.718662 44.966892 43.832611 6.321949 4.934210 10.749863 38.236618 17.677673 22.615772 76.768845 0.988197 17.889746 72.388840 