910.2505743976371 -302.02146581446414 160.4891496904054 -139.89708431250153 -93.04814319170055 -209.05989198295958 -154.78943074151996 -81.30643036167098 -5.995199556093539 -68.7642023512117 -36.37869757156652 35.131079089364725
-302.02146581446414 984.9172447398687 72.20985740653724 33.655858399722234 99.78983362176784 42.43476726099121 -186.70418645979353 -276.921914122046 -14.410428284603853 -6.427096306519928 -14.168090310093135 86.34193782942047
160.4891496904054 72.20985740653727 593.1407645066901 -19.594737727489182 -164.66380158258576 -114.87328731640088 13.968433951491802 -107.12766370604021 -116.9856986749534 -33.10418186303608 15.8811037861866 74.34667577527561
-139.8970843125015 33.65585839972218 -19.594737727489182 566.1526641546589 -166.67527826725117 -196.81584133483315 218.82760889805678 51.93434643192093 -2.9627204948392176 -38.590695528325654 -268.49898099895034 24.454071769610565
-93.04814319170052 99.78983362176785 -164.66380158258573 -166.67527826725114 720.9062736129695 -45.61364081369842 52.733422879941756 -57.702648296694115 74.5161625515371 26.63816961977694 -134.36358332952707 76.70887987477396
-209.05989198295958 42.43476726099124 -114.87328731640082 -196.81584133483315 -45.613640813698474 954.262569858911 31.018266950054084 -111.70005003184514 -84.2349527177173 -67.47844223025288 61.83363958842972 44.485635492960306
-154.7894307415199 -186.70418645979356 13.968433951491802 218.82760889805675 52.73342287994173 31.018266950054112 669.9295301875785 177.15393021513245 -152.5616870510615 -297.51353911029383 -337.5699766213047 30.525038377706803
-81.30643036167098 -276.92191412204613 -107.12766370604021 51.93434643192094 -57.702648296694115 -111.70005003184517 177.15393021513248 841.1744312036878 -294.25255438506724 -33.30912792433458 -49.242561072945975 38.43230155691221
-5.995199556093553 -14.410428284603853 -116.9856986749534 -2.962720494839246 74.5161625515371 -84.23495271771733 -152.56168705106148 -294.2525543850673 829.2211254469134 -286.2108398735124 -53.30162165252236 97.1897464168851
-68.76420235121168 -6.427096306519928 -33.104181863036125 -38.590695528325654 26.63816961977696 -67.47844223025288 -297.5135391102939 -33.30912792433453 -286.2108398735124 615.6715547621442 44.83224478867603 73.45921846971125
-36.37869757156652 -14.168090310093135 15.881103786186614 -268.4989809989504 -134.36358332952705 61.83363958842972 -337.5699766213047 -49.242561072945975 -53.30162165252236 44.832244788676014 569.8732671289408 51.928165857057685
45.32476619224168 37.73699531099083 7.564726983803285 19.39090153664317 7.593934340359515 20.64080339461929 84.36556651750256 29.684659481425097 59.57431095820295 74.49269015075784 64.65044873730

45.325230 37.737385 7.564796 19.391081 7.593997 20.641010 84.366440 29.684958 59.574928 74.493477 64.651093 