12.338876344536686 65.84552407214386 82.33801018017382 38.82749935338323 56.40367380059407 28.867250269750755 91.97346925657399 69.93548666051475 1.4198683374145205 96.0764504563512 63.24240416819299 99.23206247281702 1.4097819405723855 14.9708760699228 77.8406314510223 67.71370745940169 99.67964070371845
50.50095304560306 52.95274860516576 97.18099469263967 26.987090713021345 67.9400600096029 64.25924270303491 53.52392380231219 82.95598162318461 80.30180605269128 78.81692076966557 68.78896212743885 43.317522958484545 21.758696680398426 79.31605130978879 95.6292447828472 36.35831243897542 44.194288046732275
68.44891920443885 61.1492437808446 29.96622720393789 10.58952655816714 38.65591164907206 31.158749681767794 0.15081104158649605 74.32331211382245 32.54054606294915 28.89829995357236 20.552957400169603 50.513153492416926 65.71001265372678 52.581491140586266 89.10888340536988 71.36596037610921 50.35340646801384
60.13679926346934 64.62261632938285 26.863585374534672 49.965808658776545 62.49819637503722 12.438566351610303 9.792249741654924 60.07059784811578 40.94629648462252 50.50698688053389 96.05942804684524 43.1779057401504 66.30622193208353 69.30582269188704 6.185729532580176 22.41147007154859 19.183080383631335
83.01878031528773 42.89538438975819 8.960399289965537 75.3937242352784 5.9401000681298495 84.13758420054019 23.83060434285712 57.19503314704668 87.95740323522541 14.896374990188544 29.126351983992926 37.14118734796813 90.17372872938762 41.07349998976123 26.100396024949003 82.95188417251906 31.709255497615175
27.20226189797399 81.74569370288316 53.457714781804015 37.31499628161142 61.5703408469342 76.19755742919875 58.99303028724972 12.917056477706302 71.82232571665823 34.45599496012014 72.5921534151946 51.74986792823727 89.47037703182318 55.062025857165175 0.7631075353125238 94.59883375224618 75.69124712932236
26.850637666542788 52.27819277618929 28.256598423322497 93.54607140266997 65.77295975467177 68.2578490047573 65.28912050370671 93.97178515171125 38.93205130488264 95.13378910993373 80.86362261315388 96.29248336779959 82.79543301861385 64.10653787702438 29.890776547078048 43.375882632772935 34.57236038045984
43.970437539537755 72.41737176870924 94.90672517873342 12.96635597605409 50.76376694955981 82.75524425593308 71.3180438034465 30.108873845027993 27.70705230825111 75.85602742980846 76.00687323764335 27.785543805779632 51.99702026412717 58.99483832955757 84.32661608191414 65.93981786055758 74.92161746124395
84.12528882001929 39.832663053515546 85.52491722519005 31.47976530748138 81.456554987824 62.84422532801604 6.51050931301258 0.506141596137466 94.9268946605837 11.001059983475681 19.887987896308058 43.51701813288324 43.876305533480945 74.51292156185212 37.42491199266581 57.64556337917618 31.350335809975604
81.46980897879517 76.94202233559304 3.357282715049481 20.573698828677877 26.71073439855046 83.74563486498124 64.70473619862574 70.3392394809387 44.13863734871406 65.12170338996494 25.492226706339448 90.81989201997439 6.712677623277552 55.42052216560233 21.550558127723875 8.840832755110961 7.8260401127212
58.91169968918961 44.62926516251282 43.16942799513661 71.79069448482251 80.8080366172135 7.3497375089742745 85.9739528784221 54.86815394647908 8.728986700925546 81.32743017756027 81.33833002379035 33.924826782208626 92.0604668662494 67.14022652956896 10.32428124322683 39.900563730275294 54.514263981845126
38.60019876624817 17.5817292635987 37.26033049416417 38.632910287594825 76.46908089125958 65.57421926958611 57.11172911015584 79.5683949781722 88.95915000748789 19.542305269023608 96.20746162235768 42.00923190217152 73.29254143746522 56.58024527249277 64.0176220793834 71.58114409075952 7.326389595033045
25.28476674300859 48.524402989022185 60.15008751528084 76.25208797532395 57.51792492380504 25.89946998187427 23.289892122354637 52.179496123751754 32.834309372451095 78.4693953404754 26.59100045029771 72.02501133954749 40.99957355132523 70.15637559908858 51.38849896078229 66.46207303296812 28.224403790813646
76.15200622112461 10.846524571725825 78.18150044510563 27.443128879155942 14.451868055430417 95.7474732607186 1.8710776423755737 96.22989181240462 82.8902752927772 82.06053462163734 30.002459506932077 18.03820794659421 59.991614345740075 68.11415835493736 3.2740893353229494 59.62631437917864 9.464812798518164
14.821684490908304 20.95118945599953 75.86453749606345 42.64560229746424 97.3696964935623 35.45942745859227 17.29151887047712 61.61399979812304 11.856390630347402 78.31284710127889 45.51428945859934 11.03359668324978 79.75907582591056 7.619737059460174 55.57429554214597 17.07006809537842 34.1808126470605
59.15155880366903 16.462133789364085 64.60908130796811 6.69706209294012 71.76716916964374 36.01789555102074 30.88084966100294 94.41093456467404 33.51092325605015 73.38910994305483 85.46071477973189 22.347678829099827 84.2705012280189 57.255191599689404 72.58881963793404 1.6095861597587469 81.91423492499432
0.04334567937475485 0.09896767515195622 0.945278949133748 -0.686810883715577 -1.2400490127578359 -1.101848543530446 0.5582401354587837 -0.6874432562051108 0.8491658561828099 0.45060770805294725 -0.020333457435008213 1.1397524885661154 1.4852102149299906 -0.6797450492774192 0.371631195025228 -0.549533574303753

0.043344 0.098968 0.945280 -0.686810 -1.240050 -1.101848 0.558240 -0.687442 0.849164 0.450605 -0.020333 1.139753 1.485211 -0.679744 0.371631 -0.549534 