2059.9736835287795 52.09101668432851 -1168.0272418298034 -101.31440018973352 -352.40652452403333 -430.66535289750533 -154.02263045611167 -324.58223391387736 360.2722623034632 53.49163534455187 203.00812097196405 87.77561906378492
52.09101668432845 2791.5680951842196 338.3261700773205 38.042068866472164 -434.2733090529482 -958.9281983879787 102.9195883779492 35.26658281889257 -401.43387738672504 187.20946581158194 -91.48178331146244 11.19839131185082
-1168.0272418298034 338.3261700773205 1679.3230709356872 -318.65224063992343 95.4699675827458 72.5497950898519 -310.0305390357107 38.155597631169684 -83.50736274403928 -377.8386168427077 -289.6433496590222 83.85820617194236
-101.3144001897334 38.04206886647219 -318.6522406399234 2674.7953606478127 234.89742344670765 -299.28689386586996 658.8856889125581 -645.9226685650092 -200.85277380727754 -590.4391576483316 -733.8505174828829 67.62154242285098
-352.40652452403333 -434.27330905294804 95.4699675827458 234.8974234467076 1917.6794040576463 114.04408072871041 -245.76514796536597 36.14077866745029 -1108.763188211708 226.9656926134696 -419.75320418269735 68.77424349828496
-430.66535289750533 -958.9281983879787 72.5497950898519 -299.28689386586996 114.04408072871041 2757.6641847492474 -585.554535783677 482.98907445230657 146.41335241210447 -255.89841179539928 -870.3412500911377 48.9461952578558
-154.02263045611173 102.91958837794922 -310.0305390357107 658.8856889125583 -245.76514796536603 -585.5545357836768 2418.928006290347 26.6246928310928 12.39697862116925 -728.5669070907675 -239.48995325531826 2.5103605473412394
-324.5822339138773 35.26658281889269 38.1555976311696 -645.9226685650092 36.14077866745029 482.98907445230657 26.62469283109283 1727.6031052552069 -63.77456842700746 -621.7918612507168 -653.0474428759355 46.737327729260905
360.27226230346315 -401.43387738672504 -83.50736274403928 -200.8527738072775 -1108.763188211708 146.41335241210447 12.396978621169303 -63.77456842700754 2284.1997669055263 160.22773315211663 -434.92299545022536 95.4048900666625
53.49163534455198 187.2094658115822 -377.8386168427077 -590.4391576483315 226.96569261346963 -255.89841179539923 -728.5669070907672 -621.7918612507169 160.22773315211654 2194.408213454422 -58.795715630777835 43.33087723145708
203.00812097196396 -91.48178331146255 -289.6433496590222 -733.8505174828828 -419.75320418269735 -870.3412500911375 -239.48995325531814 -653.0474428759356 -434.9229954502254 -58.79571563077775 2249.3571089911047 64.72848561183204
64.42982572205572 1.3633898951699241 85.21766250951302 58.27732485010712 19.26989596716673 36.29943451623485 35.14068876859421 71.26458413457361 16.27497175461361 63.50392926048877 71.1349301182806

64.429131 1.363362 85.216759 58.276711 19.269695 36.299034 35.140324 71.263832 16.274799 63.503262 71.134155 