48.97467083975863 3.5956771931499043 27.04146598582963 65.96915460185436 42.21835240165217 36.76585830203862 73.96588505168921 4.382386016427686 72.70554050433647 15.254946634773459 20.076435093132204 84.8458104934858 91.76229750967096 54.00787430309154 36.3130841201605 25.76720951974808 75.32093350173093 26.500847064072897 65.57819020291348 57.405246844397126 59.646241792836705 4.767077718011558 81.4474517736992 90.00074834340413
63.88400562766194 25.082346164298908 43.31971683745252 18.094247983119693 16.060189368837797 46.51934880553031 23.490480896453803 30.865369970669832 33.42775937720878 32.52018928357599 46.351897896383356 59.30587734932363 96.7374630321976 92.82404194337296 7.871632968875575 72.8346701629371 61.46873399709622 14.94254030764437 2.04764569868342 57.83764885602116 27.43427530246031 10.818431835737453 15.886966011892945 98.61300162036208
28.145746055202746 25.686419001407323 46.62512542740429 22.953790682570528 37.982758299219086 41.8705676794631 50.69965162258765 15.070089385484442 98.58210902269475 33.6623999062211 10.887373601908356 6.796830153309108 72.08742175950248 39.428754089096486 40.98505898045205 26.48462312695612 27.8709001852813 69.73068267863346 48.15611336372583 80.18105629802614 34.245973874289746 86.98796029965467 15.851627684870317 8.889104359466948
58.82285122229802 99.88769561142378 84.26233525829115 39.692787469112965 73.52469188963987 44.844738526724285 11.152849890909733 41.640978077698996 80.17134990043728 75.11475907520396 5.80047563685685 64.52491813728794 6.9118340225447605 85.30307707988601 18.608635452439692 23.40576865731404 8.218543408714341 17.66736716418398 42.42864209600919 59.89950696222021 86.66908252648014 33.58424167435709 14.413800063743242 96.67772475880444
76.75067829553592 65.85876758670693 68.49346534042665 14.452235458634021 73.095782691296 43.21286900993472 70.58151512963065 0.3272101045785014 6.193229161348102 76.5177213770611 82.7813043861845 76.34836027488846 22.334577542052415 1.6562584958098814 85.74169411766275 52.088523689080866 27.081635920756174 41.64000474426113 63.80881571259357 53.70902007144842 12.321910058209973 17.08725158716875 68.25808550791011 96.74905588978699
47.841022395701124 3.996156431329767 1.5445588798429277 28.358599963908937 13.352020512633366 7.155278957498091 35.199888115581835 27.86024629042494 7.731550773726193 92.8134823533552 67.69533681463956 44.66702759503419 38.155897402306 88.71429966657088 22.782638176094274 16.230307126248988 57.07611397496283 53.3183746214686 32.32317554933445 67.8314387638007 54.271463710463486 67.71601164066341 96.96806242917394 87.62505365504354
63.936813367056914 2.1135775911367505 60.75925525211691 79.3534695520659 68.22739510636204 60.5382627352103 83.89238183600393 64.96663712741345 37.650187244716435 10.958237343230625 91.81926484476683 80.77012954401005 48.57235470086331 83.35246666894783 44.507785233750205 22.927063394399983 53.546106608745504 59.92817640351509 62.419215304907624 10.360285188337116 75.84932141086463 69.19372478827627 15.791619425296544 46.074593658119056
62.30214629174577 16.98350447244553 78.09315940072682 73.79287316063512 11.501674992750432 4.564326473016289 6.385809632853345 55.71727995593877 15.384993765827593 0.7061071955407949 51.03646967824898 26.184507757696995 97.17717857275201 80.30935918290695 21.575832798956984 91.37463378338357 28.642769282682835 62.2926400704928 54.89816931838297 13.490059100144203 96.82296726044878 61.57073658626003 86.9190984676138 3.0960518243941637
45.61999158806995 55.39806126184603 94.11781165004795 4.604534765300061 73.15308424975575 89.98899939350086 46.703235778133404 32.59501655124218 18.943068806598863 74.4795594826401 39.79928920041703 47.615828569463524 79.25775822627938 62.565993582466504 0.3468668502856209 14.40219575550553 36.69388213018316 84.70159921987693 52.26128302244595 38.24399779680698 9.686812157004654 71.66784682020386 43.70061852701409 45.45593925795317
82.53022129952203 92.57729654336497 70.69367451727105 41.11696692669338 14.942182881190291 64.09988033738286 51.9525078168254 31.517918823987902 39.682307276827444 3.705780807217518 49.73307695974919 38.37665672589017 12.907200862955781 90.58750908878824 94.71918703940607 52.72691945576926 80.47811727511719 57.39382705523642 80.90842188856384 15.224750561203138 19.332624988577287 85.50189376234283 1.4085680703291636 79.22628605695745
42.33219122676749 23.876684475055153 16.807711592847895 12.837675840890995 64.36682734574404 50.21023675686912 44.8535629536024 4.160276064956636 81.6028563970274 39.73722105535211 86.38832500571878 6.695225670768923 13.778854192150813 63.49060648012762 37.156382763805105 3.6444345895199737 37.90784525297656 66.75713630513117 30.556290627557715 11.223373785082725 50.8174433507233 70.24570386702264 88.13982279709093 64.12776143809025
41.63822171387377 91.5875739728725 2.6839559435683946 67.10446134811383 11.36850930529858 9.822750565527215 44.15265652059186 95.47397479005552 18.398647183153717 84.8724621669643 49.79939622290589 74.89406190918518 90.19704334663108 71.47739307744388 0.6334416238917395 53.504308221624775 27.09786575803348 66.62913522247239 71.03758738952439 66.03145492493884 13.674215487766316 35.94485119676825 12.180875802315416 41.57465941627079
31.535237887178326 77.6979912255973 57.68273251567311 51.02083001124051 90.37502659928475 59.73085952798202 37.07397737694622 26.102969446698697 87.52885858723887 95.33602203431244 84.33995049081638 15.210396931806859 1.7555425741331399 68.0029485753029 98.38905807238076 96.65798265581262 40.922523733423354 75.79618412645279 56.62711561606718 46.20758160418674 15.504965587264042 67.23238886713874 68.28039742025202 3.3328597624312284
21.239283048989943 41.53687961208596 28.82950951472647 66.7410276128045 85.8356317280932 96.34326992718606 97.75952117028584 96.43067651934108 19.599702168129863 44.88520395754089 55.36151899650056 7.904391059146376 19.657877980407157 33.81893139948438 67.10131181246537 83.23204897298486 59.14346044464478 29.038795471296496 48.81321801123054 92.94804793273923 64.34682698259404 48.957049138534316 22.6670324345149 37.320985559523734
6.303529423841436 98.65459569167653 7.311718804733802 82.80908885519759 6.99878773224234 96.93217820149316 50.826279988417554 13.989535362187267 14.318099460232435 28.670055728382728 53.63966685749114 83.43862424768749 13.889527898274812 23.32624396179086 56.690728781094315 35.520655996497474 74.51136556732615 48.45570862900279 46.74078835930901 75.09264189951259 29.653917348645386 5.115971249495921 91.05720426722604 1.6526292863223158
74.19145970189594 34.280660491884774 94.51778752367883 8.281645626312063 13.693222392020566 19.688220739997053 74.23755797675597 46.18916777748259 68.02667655259154 35.92009905894014 39.957175497389365 75.50561906930223 13.702146645107561 17.294112850946163 60.14129836715747 0.7086927486609662 49.73921009921894 17.722576800473576 43.15907259165416 17.519135823249353 47.74261199766017 91.56647501492182 58.07541616344132 46.499885339406745
74.83394416068508 99.13438876920853 8.27081279102847 71.11429154474753 60.90045035781056 72.18364158525894 39.5155604470962 50.48800506100106 83.9921728397372 58.91618585395795 49.21613701501869 24.473940106365845 53.05590210148925 53.45127010601705 10.382741259934336 63.58795976974494 52.32170168552525 25.395105141629347 83.07042741113197 50.78393982019024 99.50172458414079 4.023121631438542 34.67828703552297 21.54410957252817
6.100470777470635 2.719459413398717 70.97454883126446 75.62272698963893 10.789647103066692 65.32318146895891 48.11691693559451 3.4679912043313776 92.89546195874146 71.43436614892124 8.92756367403511 89.7804285958477 58.47539523840772 30.431464822479448 27.25080257973068 67.2465612380064 58.843920786700096 57.944122420530974 80.76503920802075 52.91974820606175 14.114261770628367 31.524133538738464 2.7480756825023267 97.15666918293257
56.1051520991073 42.02567321140344 6.308909048663436 14.570651723829819 86.3158680382446 43.813787357300306 15.20094392459429 55.56550525423244 0.8734940671970004 87.32748861830552 97.95556537920466 75.82902482627027 85.27372320962334 52.26870878437764 7.462241060615449 62.44066236089424 29.04707178907212 61.93117695148496 60.764487622309325 14.263610471624643 53.033682723727324 48.51102457362614 55.02346301719317 30.077594092598524
38.62205708486432 68.21460737792957 92.61739265958656 2.7467129710441296 61.43215530913124 49.77528001989685 30.972143139162167 89.35237321029061 43.96458649051663 57.93615718503033 44.408739470414545 7.839105840263382 38.631825731586254 95.71169576531214 46.22474887949942 64.0366780297142 36.524991475503775 35.77895669864364 3.581259020832883 30.090308425561563 52.13001032506451 86.95214330953127 59.22054813273061 9.635304580753079
61.65113402173531 96.7497718408735 30.664177794834046 50.05038381323237 51.5921535372309 57.22940204130871 65.59851653744418 88.92114749940558 21.120599546758978 63.14793810249463 29.51351871544532 11.48231729809288 34.179890585132924 4.212070391806144 31.1996601183381 93.60059955722835 54.74986895866041 28.241738283712692 71.59534301686489 85.10784208309309 85.104656717851 46.7398467025763 88.09313282916091 68.864730630286
91.44819577363569 4.000615857490331 54.98545912121236 24.000947174842747 87.11216047714521 73.82454293129734 15.26710942487648 45.237993420086084 29.14221501248565 37.97493611153369 32.11596059986742 71.97807090944734 62.48651016793442 39.76647393445346 77.65121072647922 86.33033452377082 70.04173355740167 27.55585830717542 94.37510449835514 66.5836729109383 67.13075032821419 48.23267359531687 10.249576014793737 65.81708408568343
56.388669545924664 32.63293845844131 42.42052327587197 37.288355295157636 76.71456891606134 64.47347575747052 88.6722841021284 53.00412879971063 11.981517433184962 42.25034097377276 65.53729937869063 74.20853619774635 13.428862559010668 31.55147984508456 79.74628111609796 90.1497251659551 26.888275477268653 88.85551470490809 83.26651186566238 88.83608847099866 41.147806232985914 88.03280223311812 21.98606427978943 42.101848890202184
-12.905861204054865 3.071271986084639 9.864330661054563 -10.280871747213522 4.217998848882342 -13.692167695990804 -2.6329847949507847 0.3399971514122809 1.1202276718065107 -7.685721551897329 12.493228702822668 -0.8549127300474341 -4.861890798533517 -0.27159604648244934 -9.153389082979448 -0.8067276491227766 15.824317601067701 2.3952374714070657 9.99293444587599 9.467639857730493 2.7858411313289535 -5.779263804086608 -3.44058437590423

-12.905931 3.071288 9.864388 -10.280921 4.218016 -13.692226 -2.633003 0.340001 1.120236 -7.685773 12.493312 -0.854922 -4.861911 -0.271594 -9.153441 -0.806737 15.824376 2.395224 9.993001 9.467697 2.785841 -5.779282 -3.440595 