3913.3085919004793 226.15900231907898 -812.2625369446387 -19.15699553346451 451.99658314027306 -742.6756534849962 -1281.1829918971205 -272.2434338035119 -292.4929560672289 -1593.4932051242242 42.693912592055526
226.159002319079 3519.218415047648 -837.5793174847317 -1533.5640202514362 673.9059720761456 -1203.471865850234 118.31174579237658 111.21493408926335 -547.6500551635727 1047.5477660069869 0.45354127972093705
-812.2625369446387 -837.5793174847319 4854.721678282802 559.2466335072767 -988.9071698282895 181.36589538585773 1015.7578373043483 -550.2500949206308 -1668.5137627635959 364.3250393082594 2.6048467806651154
-19.15699553346451 -1533.5640202514362 559.2466335072764 5216.715981707985 -1691.1849592707879 -457.9782730137107 -1630.5005207403499 827.728132589963 -602.705581818481 -335.4106629810924 77.07277097518967
451.9965831402732 673.9059720761459 -988.9071698282896 -1691.1849592707877 6193.765257444224 787.5446391490614 -61.13552040834571 -1015.7394096172309 -922.9376735478297 -576.128845889107 40.045836823345425
-742.6756534849962 -1203.471865850234 181.36589538585784 -457.9782730137106 787.5446391490615 4644.605574950241 -574.6045768773873 467.6072880399739 -1034.6762494921982 -1118.2892267040445 77.13705444264315
-1281.1829918971205 118.31174579237647 1015.7578373043478 -1630.50052074035 -61.13552040834563 -574.6045768773871 3222.510057355352 -28.328299593022933 -1095.885577816085 -429.40871712318176 8.832871443219425
-272.2434338035119 111.21493408926324 -550.2500949206305 827.7281325899628 -1015.7394096172304 467.6072880399744 -28.328299593023047 5859.73380835605 -1706.0100843818127 -848.0467447618819 92.24880692384068
-292.4929560672289 -547.6500551635726 -1668.5137627635954 -602.7055818184813 -922.9376735478293 -1034.6762494921982 -1095.8855778160848 -1706.0100843818122 4692.482241735725 623.3616950310264 25.523805879368965
-1593.4932051242242 1047.5477660069866 364.3250393082595 -335.4106629810924 -576.128845889107 -1118.2892267040445 -429.40871712318193 -848.0467447618817 623.3616950310266 2887.938393219497 96.99127519171299
60.851742942721835 13.477608066008818 5.423154484155939 41.94792491511728 16.083556076181896 45.78951253685563 74.10386447936536 17.59455270945599 41.53793480978968 61.0678513604120

60.833900 13.473653 5.421562 41.935627 16.078850 45.776096 74.082153 17.589397 41.525764 61.049957 