0.63000   -4.57629681         0.39234543          0.02527474          13.58425045         0.10706194          -6.44956207         -1.06839466         -19.01572800        9.21687126          3.78498530          -18.66865540        1.09904373          -11.87352657        -8.54147816         5.78178978          3.65710282          -15.20960140        -25.88957405        13.35909271         64.15946198         
0.64000   -1.07047856         0.64397329          0.31069288          4.22215223          -0.25444883         -2.07386112         -0.70185798         -5.86121655         2.58881712          1.41176593          -5.48460293         0.83490348          -3.70783210         -2.33559513         1.55860114          2.16247773          -4.44131041         -7.66778278         3.85832906          19.35409546         
0.65000   -0.45070708         0.67430031          0.35250360          2.56481910          -0.32491237         -1.28786373         -0.64107686         -3.52702093         1.41457057          0.98936003          -3.11603665         0.80544174          -2.26239586         -1.23055327         0.81189680          1.88791907          -2.53215003         -4.44580889         2.16092396          11.40052986         
0.66000   -0.19676796         0.67767400          0.34987944          1.85921025          -0.31980669         -0.96212900         -0.59208447         -2.55085945         0.91886854          0.83355027          -2.13497281         0.80417269          -1.65103400         -0.78922367         0.50100148          1.81255162          -1.72902870         -3.09544802         1.46145535          8.03919697          
0.67000   -0.05518698         0.68302202          0.35984015          1.48020542          -0.33728683         -0.78258491         -0.58031017         -2.01303267         0.65005773          0.73717624          -1.59080231         0.79536217          -1.32199693         -0.53468418         0.33126089          1.75012445          -1.28877199         -2.35819530         1.07259214          6.21928644          
0.68000   0.03636502          0.69228184          0.37314856          1.24551690          -0.35899106         -0.66766787         -0.57827175         -1.67995584         0.48256591          0.66835815          -1.24749804         0.78915244          -1.11457705         -0.36869976         0.22187576          1.69527280          -1.01815748         -1.89393246         0.82410014          5.08449030          
0.69000   0.09857985          0.69606280          0.37918371          1.08140409          -0.36945224         -0.58910602         -0.57462829         -1.44740617         0.36581251          0.62411320          -1.01054406         0.78504854          -0.97140467         -0.25658220         0.14714664          1.66403937          -0.82841957         -1.57308054         0.65372139          4.29491997          
0.70000   0.14415063          0.69897610          0.38380355          0.96158761          -0.37711605         -0.53153700         -0.57191098         -1.27721393         0.28066728          0.59189475          -0.83710927         0.78215557          -0.86653662         -0.17432189         0.09269693          1.64108610          -0.68946785         -1.33829284         0.52925885          3.71781015          
0.80000   0.30604124          0.67204463          0.37811172          0.48063046          -0.37048027         -0.33748531         -0.60433799         -0.56752896         -0.03665180         0.50083143          -0.18299364         0.78343135          -0.50059128         0.15468201          -0.14636126         1.57831538          -0.13093990         -0.41887349         0.02447806          1.52835846          
0.90000   0.34843776          0.70950615          0.38726890          0.35436940          -0.42526484         -0.26237160         -0.60056078         -0.44368428         -0.12212178         0.46161678          0.00181222          0.78474224          -0.38139325         0.25744799          -0.16882470         1.53068113          0.01480102          -0.16124707         -0.12324505         0.89755881          
1.00000   0.38821769          0.75195909          0.40493837          0.31375739          -0.45053852         -0.21069033         -0.56003249         -0.35950747         -0.18449923         0.39164567          0.13645302          0.77522027          -0.30694023         0.28377613          -0.21004388         1.50802255          0.04898014          -0.05299172         -0.14295927         0.60694569          
1.10000   0.42592540          0.75125277          0.43763027          0.32045776          -0.44066906         -0.19189882         -0.52642250         -0.32855475         -0.23279803         0.36795914          0.19426814          0.75616848          -0.20439449         0.27788296          -0.22949333         1.48444676          0.07749406          -0.04687809         -0.18350905         0.45333588          
1.20000   0.43036062          0.74937016          0.44055745          0.30929902          -0.43965665         -0.18301791         -0.51879847         -0.31642443         -0.23995584         0.36423111          0.20704260          0.75333691          -0.19593932         0.28221771          -0.23129311         1.47948575          0.08910143          -0.02635622         -0.18877494         0.39353281          
1.30000   0.43432456          0.74853033          0.44289076          0.30000997          -0.43950024         -0.17613801         -0.51351672         -0.30532366         -0.24611069         0.36111724          0.21795106          0.75155783          -0.18923613         0.28699788          -0.23341632         1.47638428          0.09864375          -0.00842883         -0.19333346         0.34332573          
1.40000   0.43777820          0.74826109          0.44458893          0.29202431          -0.43993965         -0.17080641         -0.50991744         -0.29478678         -0.25151265         0.35834572          0.22730020          0.75036693          -0.18384525         0.29215282          -0.23579475         1.47422636          0.10653563          0.00749457          -0.19738489         0.30132255          
1.50000   0.44070292          0.74831724          0.44558060          0.28506848          -0.44083151         -0.16683696         -0.50778705         -0.28452802         -0.25621876         0.35574868          0.23528257          0.74949574          -0.17950614         0.29766434          -0.23840448         1.47253942          0.11297131          0.02180032          -0.20101635         0.26657939          
