1.000000000000000 15.714346471960340068 17
0.100000000000000 16.083735481350490915 36
0.010000000000000 16.011394427451541844 77
0.001000000000000 16.001177373392309278 115
0.000100000000000 16.000118031050604372 153
0.000010000000000 16.000011794238460539 191
0.000001000000000 16.000001178119440226 229
0.000000100000000 16.000000117677018352 267
0.000000010000000 16.000000011754163864 305
0.000000001000000 16.000000001174033315 343
0.000000000100000 16.000000000117253762 381
0.000000000010000 16.000000000011684875 419
0.000000000001000 16.000000000001154632 457
0.000000000000100 16.000000000000103029 495
0.000000000000010 15.999999999999992895 534
