1.000000000000000 0.000165265833681775 1
0.100000000000000 0.000165265833681775 1
0.010000000000000 0.000165265833681775 1
0.001000000000000 0.000165265833681775 1
0.000100000000000 0.000165265833681775 1
0.000010000000000 0.000163868222064218 11
0.000001000000000 0.000169681569850226 20
0.000000100000000 0.000170098679848995 41
0.000000010000000 0.000160010676857304 259
0.000000001000000 0.000160001004696990 298
0.000000000100000 0.000160000100363247 336
0.000000000010000 0.000160000010651429 373
0.000000000001000 0.000160000001063919 411
0.000000000000100 0.000160000000106269 449
0.000000000000010 0.000160000000010615 487
