1.000000000000000 0.000000195331525854 1
0.100000000000000 0.000000195331525854 1
0.010000000000000 0.000000195331525854 1
0.001000000000000 0.000000195331525854 1
0.000100000000000 0.000000195331525854 1
0.000010000000000 0.000000195331525854 1
0.000001000000000 0.000000195331525854 1
0.000000100000000 0.000000195331525854 1
0.000000010000000 0.000000173174053133 7
0.000000001000000 0.000000161395062701 34
0.000000000100000 0.000000160035615644 83
0.000000000010000 0.000000160003395464 122
0.000000000001000 0.000000160000339654 160
0.000000000000100 0.000000160000033932 198
0.000000000000010 0.000000160000003389 236
