1.000000000000000 0.002198310793207689 1
0.100000000000000 0.002198310793207689 1
0.010000000000000 0.002198310793207689 1
0.001000000000000 0.002198310793207689 1
0.000100000000000 0.001622107579368911 8
0.000010000000000 0.001603836907079109 25
0.000001000000000 0.001601207432170185 63
0.000000100000000 0.001600002871142407 107
0.000000010000000 0.001600000336363076 145
0.000000001000000 0.001600000034159244 183
0.000000000100000 0.001600000003418382 221
0.000000000010000 0.001600000000341516 259
0.000000000001000 0.001600000000034110 297
0.000000000000100 0.001600000000003404 335
0.000000000000010 0.001600000000000338 373
