1.000000000000000 -0.000939520570880951 1
0.100000000000000 -0.000939520570880951 1
0.010000000000000 -0.000939520570880951 1
0.001000000000000 0.017349516740911800 11
0.000100000000000 0.015954576595514906 59
0.000010000000000 0.015995091413311718 95
0.000001000000000 0.015999481270094595 132
0.000000100000000 0.015999948209355026 170
0.000000010000000 0.015999994826985095 208
0.000000001000000 0.015999999483164811 246
0.000000000100000 0.015999999948245164 284
0.000000000010000 0.015999999994699556 322
0.000000000001000 0.015999999999340254 360
0.000000000000100 0.015999999999804067 398
0.000000000000010 0.015999999999849367 436
