1.000000000000000 0.000001138192523257 1
0.100000000000000 0.000001138192523257 1
0.010000000000000 0.000001138192523257 1
0.001000000000000 0.000001138192523257 1
0.000100000000000 0.000001138192523257 1
0.000010000000000 0.000001138192523257 1
0.000001000000000 0.000002008745890592 3
0.000000100000000 0.000001591630530622 5
0.000000010000000 0.000001596960433340 46
0.000000001000000 0.000001599628388790 82
0.000000000100000 0.000001599963071247 120
0.000000000010000 0.000001599996313264 158
0.000000000001000 0.000001599999631770 196
0.000000000000100 0.000001599999963220 234
0.000000000000010 0.000001599999996326 272
