1.000000000000000 0.000006977753611682 1
0.100000000000000 0.000006977753611682 1
0.010000000000000 0.000006977753611682 1
0.001000000000000 0.000006977753611682 1
0.000100000000000 0.000006977753611682 1
0.000010000000000 0.000006977753611682 1
0.000001000000000 0.000013340426263856 3
0.000000100000000 0.000015955524087905 24
0.000000010000000 0.000015996705278774 52
0.000000001000000 0.000015999778793559 87
0.000000000100000 0.000015999980482859 125
0.000000000010000 0.000015999998080145 163
0.000000000001000 0.000015999999808552 201
0.000000000000100 0.000015999999980869 239
0.000000000000010 0.000015999999998071 277
