1.000000000000000 0.000000012091111346 1
0.100000000000000 0.000000012091111346 1
0.010000000000000 0.000000012091111346 1
0.001000000000000 0.000000012091111346 1
0.000100000000000 0.000000012091111346 1
0.000010000000000 0.000000012091111346 1
0.000001000000000 0.000000012091111346 1
0.000000100000000 0.000000012091111346 1
0.000000010000000 0.000000012091111346 1
0.000000001000000 0.000000015913191582 44
0.000000000100000 0.000000015924178659 46
0.000000000010000 0.000000015992149562 82
0.000000000001000 0.000000015999222570 120
0.000000000000100 0.000000015999922413 158
0.000000000000010 0.000000015999991767 195
