1.000000000000000 1.439910115232755805 1
0.100000000000000 1.438999204391494979 3
0.010000000000000 1.595368961554682219 18
0.001000000000000 1.599688604576209316 55
0.000100000000000 1.599970827345232882 94
0.000010000000000 1.599997086873699681 132
0.000001000000000 1.599999709029775952 170
0.000000100000000 1.599999970936486937 208
0.000000010000000 1.599999997096970272 246
0.000000001000000 1.599999999710010945 284
0.000000000100000 1.599999999971014386 322
0.000000000010000 1.599999999997080868 360
0.000000000001000 1.599999999999687006 398
0.000000000000100 1.599999999999945688 436
0.000000000000010 1.599999999999972999 474
