1.000000000000000 0.189893127564076725 1
0.100000000000000 0.189893127564076725 1
0.010000000000000 0.170199205730731107 5
0.001000000000000 0.161922905953959334 19
0.000100000000000 0.160136776955063703 59
0.000010000000000 0.160003754889577160 101
0.000001000000000 0.160000375037090914 139
0.000000100000000 0.160000037460225703 177
0.000000010000000 0.160000003741709557 215
0.000000001000000 0.160000000373740570 253
0.000000000100000 0.160000000037330919 291
0.000000000010000 0.160000000003728826 329
0.000000000001000 0.160000000000372594 367
0.000000000000100 0.160000000000036391 405
0.000000000000010 0.160000000000003473 443
